1,4,500,900
13,2,2679,4000
4,2,1924,14498
21,4,546,8705
16,4,2990,1645
15,5,219,8475
25,1,1586,8495
18,3,2021,3600
17,4,1617,9213
38,5,1152,18256
28,1,1651,10350
22,5,723,19745
1,5,2394,1283
25,4,2437,8236
15,1,147,16891
11,5,2636,13755
33,1,685,14525
16,5,1790,16668
25,5,1493,6705
34,1,1082,6350
37,5,2893,4916
4,1,306,12692
6,5,1776,14166
23,4,520,11737
11,3,709,14447
36,2,2661,12859
12,1,1504,12900
17,4,1591,2000
13,5,2789,8267
34,3,1145,19664
4,4,2131,15444
5,5,2524,7532
4,2,389,6134
40,2,2590,14038
16,4,869,9286
37,5,686,12885
31,4,1955,12766
26,3,1330,12214
12,3,2090,12015
24,1,2066,19474
30,4,1507,14283
21,4,845,13590
5,4,704,8781
29,3,1889,1969
12,4,2523,4655
15,1,2911,1165
11,1,416,6970
9,1,2725,9714
36,1,1627,11812
10,1,1797,18535
18,1,2970,8850
30,5,1816,11900
2,3,1858,19378
24,5,2730,1822
25,2,2747,13731
39,3,886,254
28,2,1681,14968
34,1,2462,2521
32,2,1819,3435
7,5,1837,8757
15,4,1330,10186
15,5,551,18692
11,1,951,12511
16,3,1392,5533
15,1,816,11587
26,3,892,1654
30,1,323,14721
38,3,473,15666
25,2,621,5025
5,3,85,3451
19,3,419,8009
29,2,1816,6491
38,4,1789,7623
25,3,2156,6199
26,4,732,9965
33,5,813,14082
28,3,2281,2403
30,4,514,19333
28,3,2677,16096
27,4,1825,9629
31,5,460,9713
15,1,1067,14933
2,4,343,582
40,5,100,1129
5,4,1609,17208
31,3,1030,2706
34,4,566,1928
29,2,2856,16167
6,1,1859,14291
20,5,599,13786
39,5,2801,5442
13,4,2936,7259
7,2,1185,2297
2,5,2233,19012
37,3,845,13499
31,3,1389,9397
7,2,1232,17471
5,3,806,17316
32,4,1091,14448
30,3,744,11296
17,5,1986,5801
23,3,947,18143
14,2,878,4125
8,3,246,9149
9,2,2368,777
21,4,2834,6703
14,1,2889,15200
1,1,2661,10218
9,2,2938,16187
9,4,2085,17961
1,4,440,10559
27,3,596,12695
39,1,2579,8684
30,1,1772,10173
28,4,2348,8190
36,1,1658,2252
36,4,1212,2669
4,4,2796,13285
33,1,414,17868
15,1,1269,4419
40,2,442,8019
15,3,2329,19146
40,2,2083,7424
24,1,1283,11990
17,3,2109,10354
35,4,2007,15553
12,5,1795,16985
38,4,2718,14069
37,2,1627,18013
2,2,1489,14213
1,1,2857,9881
6,1,1701,10693
12,2,243,7036
40,5,1996,7754
32,2,172,8659
8,2,2269,4707
11,2,2384,2442
16,3,2098,9766
12,4,2172,11304
2,2,1968,187
35,1,2199,14742
40,2,2354,17765
36,3,836,13410
23,4,554,4181
40,3,1335,7672
11,2,1036,5928
19,2,63,62
37,1,714,11123
17,3,121,6104
2,4,1728,1446
6,4,2044,18240
22,2,2205,12479
15,4,2037,5909
16,2,447,1946
4,3,2315,4158
37,1,1199,17460
19,5,506,15878
12,5,2806,2477
1,4,2282,9468
29,2,2181,6693
25,4,715,13010
24,1,1447,16448
10,3,1977,19232
15,2,1277,15942
26,4,2295,9805
16,1,2087,17905
14,5,558,9617
17,4,785,3759
20,2,1189,7903
22,4,330,15976
32,5,634,14008
29,3,2684,5512
23,1,303,5021
14,1,1877,8775
10,3,2116,12890
23,4,1172,3161
36,1,1087,13635
2,1,538,9001
21,4,1783,7778
7,4,2309,1525
5,4,598,13551
11,3,1917,18327
24,5,2466,18709
28,5,847,2464
30,3,2949,11947
39,5,1481,10689
34,5,1276,19604
28,2,1518,2840
38,4,2388,10165
33,2,2721,10883
24,1,1054,9625
5,5,2481,7603
19,1,1829,1606
29,3,1933,19864
15,2,564,4818
9,1,1242,12422
1,5,1716,8360
31,1,1012,19078
17,2,2909,4195
23,5,2407,11236
12,3,340,5212
15,4,501,8381
1,3,1642,3669
24,1,941,7525
7,1,242,11996
39,5,967,10078
31,2,2861,18328
31,3,363,2185
6,2,449,9577
32,4,2569,1179
18,2,664,18403
5,1,773,10730
23,5,1914,18873
7,3,1768,19162
28,3,2304,10123
14,3,2852,12576
21,4,1222,2752
21,4,743,4341
21,1,1911,4472
31,3,1527,2788
22,3,2920,9237
34,4,100,13650
32,2,2523,10018
1,3,1209,17804
23,2,561,4108
10,5,106,16142
15,5,446,4371
1,4,1324,17941
25,4,2242,5353
15,3,1476,9272
19,5,798,18499
16,1,2824,18051
1,3,1940,9088
4,2,165,19101
33,3,1274,12530
13,2,2061,12423
19,2,1358,574
6,2,1480,13890
2,1,2589,2053
36,4,2042,8248
19,5,2822,17207
2,5,2055,18459
37,1,2516,13173
27,1,711,3579
26,5,2567,8551
25,3,288,8631
19,1,2983,1708
18,1,74,3696
34,1,915,16756
38,2,698,16415
37,4,1038,16812
17,5,762,9156
36,3,685,10661
4,3,1095,1978
39,1,1327,14587
2,5,1739,9924
6,1,1108,4192
18,1,2111,19405
12,4,2501,13542
20,5,2403,10079
22,1,1754,19892
26,2,2539,3422
27,2,103,16288
3,2,2485,5839
14,1,482,3174
16,2,1131,18425
16,5,330,14877
40,4,1856,4776
6,5,755,13328
3,2,82,14311
34,2,1832,1172
10,3,1292,6168
25,2,1140,4298
29,2,1805,10835
20,1,268,9541
3,4,2941,3727
9,4,1141,1403
29,4,2836,5773
36,3,1541,8968
39,4,1258,559
13,5,287,12941
11,2,1431,9917
33,2,2427,6673
19,5,844,10077
33,3,837,17490
16,4,1558,9107
18,5,2088,6697
10,4,2317,19219
8,2,361,885
2,1,668,17563
16,1,1159,6413
18,2,2740,16255
39,1,342,6883
17,1,215,14712
2,3,1204,5226
12,4,2729,736
16,3,2683,6225
24,2,887,9855
36,5,2883,5988
19,2,406,16890
6,3,2064,7232
6,3,1993,16519
17,5,614,10096
32,5,429,14858
15,2,2365,15834
28,1,1865,16516
32,3,505,15659
25,5,1298,2700
11,3,423,7102
36,2,2711,16272
39,1,424,15326
38,4,2788,12835
15,1,1239,7702
19,2,201,6999
26,2,111,8108
11,1,1633,10122
21,2,2876,2556
2,4,1492,5557
27,1,1611,12021
36,2,2858,18284
10,3,2723,9975
32,2,2867,9387
22,2,805,6188
8,4,2158,15205
6,2,123,19503
38,4,2813,16570
23,2,968,7241
36,4,726,2080
1,5,1693,155
2,1,2334,19917
37,2,2027,17254
12,2,1286,839
24,1,2377,5983
25,2,995,11972
25,4,389,17760
32,1,2330,4916
29,5,1582,235
7,5,2286,12571
22,2,1192,149
38,1,2403,9311
33,2,649,2020
36,4,1704,12372
31,5,417,3949
23,5,2858,18388
39,2,1801,6962
18,1,2925,12273
18,2,763,15715
11,5,1939,8092
7,4,2921,7611
2,1,999,19700
16,1,542,2014
13,1,1799,8272
8,5,1046,9988
32,2,934,2841
32,2,2589,287
34,1,2726,13755
10,2,1739,2695
26,5,1738,9872
11,3,129,13976
28,2,2514,15778
29,2,1525,3228
30,4,928,3862
17,1,1722,5047
33,1,2955,5803
15,3,925,11384
10,1,944,16930
36,5,954,12815
26,4,2304,5842
14,2,338,15468
18,3,542,1898
34,2,1732,5184
5,3,2401,19922
16,4,1814,6882
11,5,2607,10420
31,5,2000,13554
32,2,175,13748
8,3,1473,8275
26,4,2493,12912
7,1,1293,7427
35,2,2264,5236
36,3,2749,9384
25,2,2071,8300
39,5,2085,15869
1,1,1811,19365
6,2,967,5377
19,4,904,13606
9,3,977,1747
7,2,1640,14982
28,5,2350,16314
35,3,2527,18021
1,2,1589,2832
21,5,343,19557
39,2,2447,1030
22,5,2202,3559
10,3,140,6202
33,4,2631,12034
17,5,1921,1602
35,3,2709,17445
31,5,289,8056
37,4,122,9899
24,4,2434,4314
38,1,2316,10669
36,3,595,10617
7,3,708,4289
7,2,1927,8616
24,1,1805,16554
19,2,1430,11640
5,5,2553,17222
4,4,2214,12898
27,1,2112,10141
21,3,2788,16055
28,2,1486,2967
15,2,801,18648
20,2,2203,10096
32,3,1224,1606
3,3,1959,6412
21,5,1485,13476
22,5,2584,17419
23,3,1474,17492
25,5,462,1273
22,3,2017,3440
19,5,1549,8174
28,3,865,9528
17,5,1438,15171
15,3,2546,14458
35,5,1930,16834
13,2,2051,15888
22,3,2168,8202
33,5,105,7761
12,1,1996,9798
28,5,1543,4972
35,4,309,2717
26,1,1887,18704
1,3,428,10480
19,5,2020,4273
38,3,2051,17557
22,3,993,7478
31,1,1660,15567
8,4,1589,11067
11,4,2027,10265
15,1,235,14063
38,4,1550,14348
8,1,1540,7349
5,3,637,16979
31,5,1917,18291
36,3,1891,16411
13,3,2000,9805
33,4,670,19673
30,4,694,7022
20,1,551,8901
25,3,2102,16828
12,2,2498,16571
11,1,2803,2609
13,2,2083,13293
15,3,55,17241
37,2,2105,7579
7,4,2115,14886
5,1,1932,15464
21,1,852,11350
34,2,1367,7486
17,5,1448,14044
39,1,2715,6666
27,1,1190,6018
23,4,2671,4055
8,3,2921,14138
13,2,302,16183
25,5,2140,11642
23,2,2305,16427
11,5,454,6916
33,5,2176,11253
8,1,256,15056
5,2,473,4151
28,3,2329,20000
24,2,2534,11386
18,1,2995,12517
39,5,1127,5793
34,1,96,15833
34,5,1260,13791
6,3,2786,7957
11,1,1424,18
32,5,1501,634
5,4,2683,15527
8,5,2161,13392
10,4,2885,19352
30,3,2953,8193
13,4,2993,19079
12,2,2307,5485
20,5,2804,12226
2,5,2006,17802
5,5,2164,827
20,3,2643,3358
7,1,2074,1784
14,3,1385,330
13,1,2232,19280
3,2,1889,6986
13,1,1489,11935
13,1,1420,13944
30,4,1175,9590
1,2,780,7820
13,5,2911,15644
19,3,419,10315
1,5,1178,10853
16,2,1186,13244
33,3,1399,8582
28,5,2393,19993
30,2,2521,6735
29,4,2229,72
12,1,1596,2797
37,3,738,14789
14,3,313,11962
1,1,2412,17614
2,3,1764,18680
19,2,2698,3188
32,5,2484,19279
15,3,539,5052
31,5,1548,15238
37,2,1358,8749
29,2,2759,866
23,3,302,17017
6,1,1683,13496
33,3,2368,18231
32,3,1247,18593
21,3,1757,8697
40,2,2796,6679
35,2,1747,12814
2,3,2931,15916
2,1,2871,19462
37,2,1634,3933
37,2,2606,4613
13,2,2421,928
32,2,699,3596
15,2,1973,3256
31,2,2009,4328
8,1,112,12591
38,2,1088,2916
18,3,1082,16382
23,3,416,6298
23,4,2728,2652
28,1,2601,13510
25,1,807,1903
14,5,1554,16429
4,5,1881,9649
23,4,2440,3694
10,4,130,6150
1,4,2028,8452
3,3,1881,3443
27,1,1971,19809
15,3,2769,9998
35,2,133,16204
27,2,1741,2879
33,3,686,8382
20,4,2916,16174
35,3,1739,19246
29,1,2570,1616
31,5,2037,12868
23,2,1961,4013
19,5,746,18646
18,4,837,18430
32,5,373,11842
30,5,623,1267
1,4,2125,949
15,1,2585,11302
18,3,2978,6114
21,2,1565,14226
20,4,1351,17202
19,1,1405,18155
20,1,2229,17989
34,3,363,14271
13,3,1204,3621
27,5,446,12696
22,3,153,4775
22,4,148,2240
31,2,971,15099
36,4,2846,13061
25,2,2709,1973
35,5,441,19306
10,4,2829,13953
14,3,829,16425
7,3,2518,19595
28,2,2523,7739
16,4,2186,8313
28,3,1992,7827
2,1,2563,8927
1,3,1550,7485
4,1,418,15955
23,2,1811,10757
8,2,1972,2673
31,3,1876,10674
11,4,2479,18369
10,5,976,3318
6,2,771,15195
3,1,103,358
28,1,326,319
16,4,864,1113
14,1,736,8070
28,4,1246,1687
19,4,400,5522
1,1,90,2131
36,1,997,11901
32,5,425,15872
2,5,1178,14083
22,1,342,18464
24,4,375,11284
13,3,2207,16564
10,5,1383,4000
38,5,830,14656
27,4,2321,6807
28,5,2336,15289
28,4,827,11528
2,3,1751,4265
15,4,2012,3558
24,4,2131,16612
9,1,1521,14552
38,4,1141,15442
34,5,2480,15303
19,4,257,13425
1,1,147,15146
16,1,878,6251
14,1,2891,7671
27,4,2490,397
21,3,2169,1044
4,4,603,15050
16,4,1544,418
23,5,701,13152
19,4,246,1867
1,3,2683,19096
6,2,1939,11466
32,1,2177,13253
3,4,917,1194
36,1,1446,18809
16,2,876,11404
8,2,2025,17838
3,2,278,12747
4,2,949,8378
35,2,1973,6768
16,4,701,15162
8,1,2427,6731
17,4,486,13851
13,2,1249,14581
26,2,1125,8985
5,1,1628,704
21,5,1874,14287
5,2,1976,1606
15,1,1421,9605
9,1,2223,15193
12,1,2858,8227
27,1,583,1580
19,4,2211,4999
11,1,975,15105
31,1,1086,3941
6,3,2786,9806
29,2,309,17587
34,1,1028,18905
35,4,805,1613
34,1,2468,12426
1,3,2391,6598
32,2,2186,4570
35,1,249,6527
26,4,75,881
28,2,1397,10185
28,4,532,12515
17,4,253,4671
18,2,2191,12273
4,5,2398,8216
19,1,1775,1060
38,1,2814,18918
31,1,2903,3667
24,3,1965,18268
31,3,2794,10510
34,4,2089,15604
37,5,1863,557
22,1,2343,16243
23,1,2290,4505
6,1,315,233
29,5,2762,11901
40,1,543,9593
26,4,739,19166
25,2,927,18544
19,1,2888,7340
40,5,2190,9921
35,4,2203,6705
5,2,2697,10988
21,1,294,6322
16,5,1940,3854
35,4,2835,13940
31,3,2828,13613
4,4,530,14872
14,1,464,5952
12,4,2495,12407
40,2,2589,2526
5,1,2314,6027
37,1,1690,12299
13,5,2500,18303
11,5,688,14017
6,2,1058,3205
31,4,296,2749
9,5,2903,18679
33,3,1549,15386
12,4,301,7836
18,4,2300,10449
8,1,811,1404
30,1,1626,14694
7,4,1389,15969
2,1,1153,18773
27,4,314,14467
2,1,204,18358
14,4,2008,1212
12,1,1343,8274
36,5,2118,14737
7,2,187,8404
27,3,657,2385
24,4,324,1815
6,2,446,7050
35,4,554,17142
3,4,162,16193
5,3,1325,10989
34,1,1983,11595
12,1,2622,8554
6,4,2587,6724
39,4,1917,17609
13,3,1761,2829
17,4,1251,14573
12,2,1502,10952
1,4,2600,12414
19,2,2014,17125
30,5,2853,11345
32,3,2082,1947
14,5,1582,13306
30,1,2263,16785
19,3,531,10300
8,4,1902,9198
36,4,646,856
7,4,880,19503
29,3,925,10660
23,5,2043,19772
34,1,64,7462
2,4,143,5275
40,2,1707,11248
29,3,2977,14541
1,2,2927,5873
33,3,2279,238
38,1,1671,10337
8,4,1901,82
7,1,873,19898
27,2,1857,17911
37,2,1002,15770
16,4,2114,17532
26,3,2011,17563
5,4,2287,988
40,4,465,5769
10,5,1834,19584
29,2,2089,13518
6,4,635,9795
8,3,1629,13871
31,5,469,5912
10,4,2923,4101
27,3,2097,6924
34,2,272,7205
32,3,1721,16742
13,3,998,11869
1,1,2895,11365
9,4,1954,15716
11,5,2555,7336
25,2,2814,5070
10,5,2743,10263
33,3,299,510
32,2,1342,3172
35,1,1061,14225
6,2,919,10484
14,4,287,13476
21,5,2963,6414
18,5,157,4481
17,1,1838,323
14,2,2202,5123
30,1,1742,11916
2,3,2773,6813
31,5,2049,9761
2,5,1121,2644
1,5,1235,17450
16,2,169,14687
36,4,1177,11368
19,5,2946,15326
39,3,1423,2095
8,1,1723,19889
24,1,601,5046
1,1,2095,7113
13,1,1100,1910
6,5,199,4445
27,4,697,14718
35,3,1105,10435
13,1,1300,3419
20,3,1355,18837
36,1,1097,12504
24,5,1023,15793
15,5,2933,6312
6,3,1180,3183
16,3,1430,9676
27,2,1236,12066
10,1,2734,2961
3,3,1057,2831
27,5,2781,1379
9,3,1793,14505
19,4,882,1110
25,3,1337,17871
21,4,951,14591
19,4,2203,10704
21,5,1099,6058
20,4,641,1723
3,1,2794,19261
23,3,432,418
27,2,962,4468
1,2,263,13356
18,2,186,12567
9,1,1849,17802
12,4,1895,18008
7,4,185,7952
29,2,101,14155
6,5,1261,1570
9,4,2653,15396
24,1,765,15926
18,2,771,2297
15,1,1356,924
23,4,2990,14335
22,5,1100,17284
14,5,1555,3342
26,4,2444,5618
20,3,2347,2917
10,1,61,10258
30,2,1959,7000
39,5,1962,7230
11,4,198,9062
20,4,1422,2312
6,5,1157,18416
17,3,1691,10758
40,1,1458,11769
6,2,979,14992
16,2,2961,15451
17,5,1213,18423
14,5,983,19984
14,1,552,19289
26,4,2677,2480
20,2,336,12711
16,3,2167,6796
40,4,381,17133
34,1,1896,15314
26,4,1270,4078
36,4,171,1201
13,2,766,676
26,4,904,15671
19,4,220,9447
19,4,1383,759
31,2,430,10421
28,4,327,304
13,1,509,3801
20,3,2452,18384
39,3,2880,13691
18,3,1911,871
40,4,2216,13028
24,4,1347,17026
31,1,1875,11553
28,1,565,14918
9,3,1299,2582
10,4,476,11009
35,2,853,9106
35,1,336,2331
3,4,104,2341
21,5,803,7006
22,3,2924,18557
9,2,2052,3059
37,5,1951,17332
35,5,1982,10386
16,2,1548,4308
40,5,1358,7810
24,2,796,14770
29,2,753,1110
25,1,1390,16577
34,1,328,16540
22,4,997,8709
38,2,2842,4529
39,4,2222,12011
32,4,2833,1748
17,2,813,8511
22,4,630,6910
21,5,2682,7716
11,2,940,1217
6,5,2701,6440
35,1,520,6801
33,4,725,4463
2,3,569,2721
31,2,377,19158
34,2,1667,3633
17,4,2852,10941
13,4,2760,223
14,4,838,1825
14,5,711,8963
2,5,1335,19196
25,1,90,10349
15,1,1353,19532
29,2,504,15460
4,1,932,10610
14,2,159,16368
22,4,480,15627
27,5,1857,3136
32,1,2390,17665
3,1,2038,10721
29,2,392,3703
35,2,1957,6121
11,1,683,19183
17,1,2782,806
14,3,222,4841
11,5,1052,9302
19,2,1945,5353
14,3,442,16086
27,3,462,15637
9,1,1535,9510
15,4,2321,8327
37,1,2038,5915
35,5,455,12607
4,4,1243,8892
22,5,382,1169
19,3,1058,3132
31,3,1361,2421
20,2,1671,17145
33,5,468,4998
5,3,689,16671
6,3,2349,9543
21,2,785,18850
40,5,144,1256
3,5,1496,15942
9,5,1648,19291
34,1,2075,4712
22,3,2693,703
32,3,94,2031
22,1,602,5140
31,3,794,8288
36,4,1326,2672
20,2,2759,19483
23,4,1774,2519
18,4,1568,3510
16,5,2792,14516
20,5,1781,13635
15,5,677,12290
15,4,1293,12367
33,4,987,11951
23,5,606,13966
39,2,96,9639
20,2,791,19357
25,5,1847,6204
22,2,1927,4232
9,2,1645,3794
37,5,1233,3729
12,1,800,6493
36,2,1141,3996
34,4,2898,521
25,5,1998,14523
5,1,2783,6416
33,5,2738,7749
7,1,633,16663
36,5,2230,19503
35,2,451,1774
7,2,1092,16357
38,4,356,11193
5,1,735,18290
4,5,1530,10097
37,4,1127,9841
24,4,1571,11466
29,2,2903,5767
3,1,1814,19127
6,2,1745,12541
11,1,2452,5211
28,5,2235,5099
25,3,382,4558
40,2,128,13344
1,5,577,8628
27,1,2601,18971
26,2,411,15150
35,4,871,5598
35,1,457,18104
29,1,544,726
31,5,1525,1440
4,2,2176,4790
37,3,1800,7798
22,2,2523,9291
8,1,2002,2752
37,3,61,11727
22,3,694,9237
11,3,1421,10302
10,4,2263,6776
19,5,2949,19720
18,4,890,977
34,4,1109,1093
8,5,2231,7452
12,3,976,5479
15,4,2666,11046
22,1,1798,12633
7,5,1462,5371
21,3,1944,388
8,3,2894,6029
9,5,2915,11412
21,1,2911,10073
37,3,853,10761
6,5,846,19041
24,5,2301,11923
39,2,2355,14660
32,4,1939,9171
6,1,1128,4304
17,5,829,8324
12,1,2072,16015
34,1,886,9037
31,1,1904,7895
24,5,2074,18163
12,2,164,4928
29,2,1585,7608
6,1,2999,18476
3,2,2240,3251
39,2,2706,4398
31,4,2422,5225
27,4,536,18442
34,1,1567,12951
7,2,1791,18415
16,2,1455,18897
21,3,552,15386
20,5,2783,4790
5,4,805,11444
27,4,974,19358
34,4,1821,15178
22,3,2509,14467
20,4,1745,10357
23,2,1789,16951
38,1,2650,17859
36,1,992,141
26,3,2145,3336
23,1,712,10841
30,1,346,15241
39,2,1524,7424
22,1,1327,1980
4,5,2575,3963
39,3,1985,18116
21,5,452,14762
31,4,2213,17789
11,5,628,12494
36,2,1651,18996
39,4,99,11759
36,3,2723,19397
39,1,2931,13160
40,4,1491,10119
33,5,471,14703
8,2,127,13654
36,5,2890,6493
6,4,2087,3629
14,1,2691,12006
7,2,2955,8199
19,1,1653,8295
13,5,1723,9641
5,2,1207,9047
5,2,2411,412
6,3,2769,15871
9,1,160,1837
17,4,1776,5065
32,1,2591,1073
30,3,853,12654
9,1,2453,461
17,5,64,7499
1,4,516,8061
37,2,2960,1811
7,3,1714,2995
17,1,1823,1443
3,3,1679,11121
15,4,653,8916
21,4,1743,7087
40,3,1430,7428
31,1,1563,18605
31,4,998,12374
6,3,2165,19537
34,1,2699,18195
25,5,531,14386
5,2,1311,12837
9,3,2143,294
13,4,910,3660
13,4,1637,4424
8,5,1792,18873
22,4,2661,570
24,4,2952,9789
17,3,1823,7678
29,4,1562,7426
10,4,1708,10074
34,1,2791,15594
16,3,863,15158
16,5,1818,1072
24,2,128,9465
24,2,393,6604
14,1,2154,13281
34,1,1300,4957
34,4,575,4790
31,2,758,7665
22,2,1007,8301
37,2,2918,7560
31,2,713,1567
29,5,1848,4708
19,1,1599,11931
17,4,2408,17561
3,3,1681,7521
14,1,794,8707
6,2,944,4127
24,3,1242,19815
14,4,2187,4925
2,2,923,18457
9,3,885,19767
8,3,1269,5249
39,2,2176,14187
33,2,822,16000
12,3,2145,1282
1,4,1460,1558
11,4,2432,1692
18,1,350,12822
15,4,108,9330
25,4,2880,17698
20,2,478,12970
24,3,2699,17403
9,2,51,3635
14,2,422,4964
1,5,626,17204
34,3,2900,2243
17,1,1277,7638
40,2,981,2224
25,3,519,15219
6,5,1290,14678
5,1,343,16769
21,2,512,9530
20,2,1616,3815
10,2,494,2221
38,5,1069,15938
38,1,204,3214
10,4,950,12275
22,4,501,2327
21,4,2629,12482
40,4,1798,2731
4,1,1761,14706
18,5,89,11593
10,5,533,18144
5,1,453,19453
26,2,1952,19197
16,3,1129,1571
36,5,2757,7254
11,3,461,5033
22,5,1068,15016
21,5,337,3917
8,1,1563,10862
11,5,48,19377
34,3,53,12483
16,5,942,18368
2,2,2680,14091
1,3,2278,15784
36,4,2110,13635
28,1,486,12812
30,5,377,5373
29,3,2281,5269
40,1,1381,5353
32,5,499,1867
23,5,2109,5762
16,5,1477,5130
17,3,472,3458
37,1,2693,15735
28,3,2679,745
4,4,1112,1397
13,2,2888,14563
16,3,2726,14616
21,4,2175,4796
26,3,2505,15845
26,3,1927,13710
11,1,1893,7756
17,2,462,19314
40,3,2735,7578
17,2,730,7487
3,1,1705,4596
12,1,1013,4967
17,2,1795,19098
19,4,2166,12889
8,3,1133,6710
37,2,55,3902
18,4,364,19523
36,3,1196,15228
36,4,329,9099
33,3,1563,16224
1,4,396,2750
8,2,2855,19642
14,2,2266,3593
31,1,2690,1859
23,5,1201,18785
17,1,259,5072
7,4,421,9143
35,1,2132,14451
11,5,2529,15340
25,5,2845,15266
23,3,2633,7187
25,3,1354,208
21,5,2145,11718
22,2,1450,9537
21,4,633,5263
25,5,575,2008
8,5,2596,1896
12,3,982,16892
13,3,2731,10954
35,5,1346,16718
24,2,2168,5510
15,2,1437,14571
6,1,2330,8839
15,1,1673,10533
23,2,1080,802
7,3,68,3945
39,1,1698,3223
33,2,2246,7154
16,3,580,10475
21,1,2778,19867
1,4,509,13788
18,2,2764,6556
34,5,2812,10833
26,3,2757,10494
3,3,2695,4364
38,3,217,2116
1,5,2721,7398
22,1,629,4449
27,5,1520,1096
19,4,162,17468
9,2,2868,826
27,4,1571,13549
30,4,2806,2495
29,4,2639,2892
28,3,531,4681
38,4,2708,1506
32,4,1577,7421
28,5,2213,14402
35,4,41,16986
3,5,843,2599
30,4,246,10616
14,4,57,217
33,5,755,1502
34,3,2649,5212
27,2,2771,3865
16,5,1565,559
33,4,499,1461
14,1,2253,2787
38,2,95,9268
12,4,765,9273
23,5,308,10754
13,3,1940,5038
9,5,935,6367
19,3,1615,176
9,5,561,11728
29,5,857,16616
38,1,1253,7741
24,4,304,13481
26,3,2837,15923
14,1,563,17857
11,1,1311,17501
16,5,1185,1803
9,1,179,6184
35,2,1809,19689
36,1,290,1387
35,4,289,11440
23,2,112,6435
1,1,2653,17388
36,5,2899,6390
23,2,2886,5942
31,1,418,10424
36,4,719,17640
23,4,2113,5446
28,2,1105,10952
3,5,528,14116
12,3,1806,4390
21,4,2106,10386
26,3,2445,13821
40,2,2330,14967
10,1,2468,15018
29,1,1340,17732
14,3,1625,8867
37,1,435,11456
17,4,1514,9511
1,1,2363,3492
15,4,1294,1127
7,2,170,14255
8,5,1411,18143
26,2,299,13130
37,3,1615,11776
1,4,2470,4517
16,3,2636,5044
12,5,538,1880
18,5,2735,15453
40,3,467,15156
2,3,387,240
36,4,2512,5634
10,4,2875,8052
24,4,1168,4811
1,3,2796,4621
15,1,2708,17384
5,5,2566,18209
3,2,367,15727
3,2,848,15370
35,4,1244,2228
15,3,2040,17110
33,1,332,14047
12,4,2032,6510
4,1,1225,9662
36,3,576,3530
24,4,2795,9065
17,5,1524,9573
27,3,358,15388
11,4,1888,18204
8,4,2744,3948
10,2,826,12959
30,5,1499,9649
31,3,807,663
26,1,392,19641
9,5,1139,12345
40,4,2551,1233
17,1,786,8852
4,1,982,19661
29,1,295,11293
8,4,137,10996
17,5,762,3048
33,3,1443,1578
11,1,937,17895
34,4,1620,1295
37,4,1888,13858
22,1,1605,13673
24,2,1537,6825
2,5,1940,13025
1,2,226,18431
24,3,1677,778
10,3,97,7623
3,2,1481,2160
24,4,2864,7387
31,1,1267,12800
12,3,2495,13564
20,4,1828,86
38,1,2542,15929
26,2,1064,18093
23,1,2392,17395
37,1,2078,3521
38,2,935,15090
6,1,2976,11813
20,4,507,18303
8,3,2301,13810
26,4,2792,5730
3,3,2885,15972
22,1,1107,6143
18,4,862,5897
24,5,2722,13429
6,2,2047,8143
9,5,459,15543
1,2,2324,13571
10,2,1092,9317
34,2,350,14650
11,2,702,19501
11,4,2644,17888
18,3,1637,2923
3,4,1566,8825
4,5,1435,6416
1,5,1866,15480
28,1,2000,19517
34,5,2147,10355
17,5,2647,18297
9,3,353,19213
17,4,1089,14683
37,5,2127,915
6,4,2985,11362
21,2,494,3107
21,3,2945,14361
3,2,2618,1763
36,5,2239,3469
13,2,1210,18400
40,3,2911,14103
39,5,2658,4337
8,3,1275,18270
4,3,1478,9235
30,3,280,2845
36,3,426,13582
38,2,46,16094
38,2,2565,14807
23,2,124,11916
24,5,124,13033
40,2,2847,15322
33,1,1201,12682
31,3,81,7167
1,2,2217,12805
4,3,1253,9614
16,1,1484,18191
21,2,982,17594
38,3,2954,7033
27,1,1050,5934
39,4,99,16236
40,5,802,18159
13,1,2099,5908
40,2,2425,5285
39,1,2499,15128
28,5,609,9299
32,2,218,17137
21,1,2420,8603
1,2,2254,11683
26,4,2538,17745
35,3,2491,13124
36,2,1636,19448
11,4,330,9770
24,1,374,5041
8,5,2990,13149
1,2,1205,1653
36,2,495,4638
2,3,2820,177
39,1,1604,17348
24,4,389,9511
1,1,2078,15866
6,1,2846,18959
14,4,2125,14895
10,3,2640,15422
14,2,1225,7148
11,4,848,733
5,1,1347,10044
19,1,2538,14163
8,1,89,3048
7,4,926,7151
25,4,2826,1157
2,1,1731,8479
16,4,2028,9906
27,1,1895,11185
35,2,1972,19586
37,1,2909,208
22,3,1813,13002
1,5,509,2834
21,2,584,17806
31,3,2056,9232
1,5,2261,13199
1,4,610,18397
32,4,2752,5488
36,5,2591,13036
26,3,2364,19406
29,1,649,7400
14,1,112,6262
25,1,892,3330
5,4,1598,3859
2,5,2950,9072
21,4,2112,17791
21,2,1821,16043
36,1,809,8394
26,1,1680,16198
25,4,1564,19241
25,4,1730,2111
2,2,1156,10644
10,3,2990,5036
1,4,1208,19350
29,2,1659,9714
14,5,2371,15881
28,5,45,15567
31,4,240,10702
23,3,2304,17040
15,4,558,8514
18,3,872,10927
1,4,2991,12356
17,3,141,5236
29,4,1605,11067
24,2,259,18632
37,2,1284,18371
13,5,2940,19262
7,1,1136,9146
4,3,648,11319
9,2,1673,18081
5,2,2337,549
37,1,1455,8184
28,1,1059,7893
36,5,1044,11272
6,3,925,10608
29,2,626,11889
32,4,1734,13957
30,5,2827,17089
24,5,2958,3631
16,2,2763,8884
38,5,570,11020
22,3,190,14958
15,2,2817,16381
2,2,1376,3326
38,2,245,7763
22,3,858,13301
39,3,1107,4653
4,1,550,13878
30,4,2483,3229
33,1,536,9283
25,2,619,1667
30,2,1054,3934
19,5,2346,422
19,1,2842,6439
1,3,1343,3587
4,5,2612,5819
38,3,2846,12688
38,4,492,1788
2,4,1494,9887
40,2,1242,6453
32,3,216,6010
12,5,990,10594
37,2,2269,9708
5,2,526,10963
6,3,146,8963
9,1,749,14459
7,3,329,10106
40,5,1765,3257
4,4,2762,17305
8,3,2311,17339
3,2,2628,11700
7,4,163,7385
36,2,2958,6032
23,1,177,12686
39,5,2936,16825
1,1,2567,5768
19,2,1647,18689
24,4,2436,12615
39,3,2422,18487
1,5,952,19218
3,3,415,13194
23,3,2356,8262
19,1,147,4993
6,5,192,16361
11,2,880,8265
5,1,1844,7933
21,3,1811,16209
5,1,340,8633
3,1,142,1002
31,1,543,14110
39,4,54,14059
40,5,2398,14941
35,4,1852,8309
9,2,2202,5254
10,1,2853,7088
17,2,2429,1622
14,3,2090,13389
17,1,1951,556
20,5,904,9180
15,5,630,2918
10,3,1779,8128
19,4,439,7219
1,4,169,15337
33,5,1917,18803
36,3,1268,6019
3,1,588,2909
22,5,1275,14713
15,2,316,9489
12,1,1533,18941
21,2,1895,14036
15,4,1490,11413
10,1,451,9252
34,1,1442,11638
9,5,2307,9512
17,1,792,4191
26,3,1582,2493
27,5,2133,18543
6,1,1153,11266
16,4,1127,2187
28,2,2476,12823
18,4,1475,1328
12,4,660,18593
1,2,313,16719
38,3,788,16769
35,3,2158,17172
16,4,589,15656
13,4,1126,305
34,4,1639,9456
22,3,1533,2831
15,4,789,9464
32,1,53,8938
18,1,2406,3879
39,4,2511,16964
23,2,1399,18748
12,5,2413,8405
40,3,2489,12733
19,2,453,4372
30,3,131,2587
3,5,1888,1709
19,5,1868,19549
22,2,2029,11926
16,5,1567,2090
38,1,1105,8451
1,5,217,3521
33,5,2549,4973
16,2,2281,2590
40,1,233,17063
14,1,1718,6235
36,5,593,12011
10,5,1428,14431
9,3,2465,15899
31,4,2896,7260
24,1,747,67
28,5,954,221
12,5,2131,18572
31,3,2300,12952
29,2,2883,5694
3,3,1926,12107
34,1,833,12124
29,5,1384,1102
26,3,1979,16418
3,5,40,11068
22,5,1667,17980
17,5,1708,6706
25,4,473,1855
1,3,2962,11197
28,1,1129,11903
33,1,983,12349
3,3,2895,16847
24,3,1923,11475
25,3,2656,16228
23,2,2299,6531
24,1,2295,13876
33,2,2356,18152
35,3,135,13923
19,5,2076,9140
29,4,934,13727
13,1,2146,2288
1,3,313,6615
34,4,1903,5168
19,4,2090,9439
13,2,946,13033
18,1,1578,10233
32,3,776,19897
10,3,2042,16015
17,5,1775,2819
38,2,2256,2324
10,5,2056,5332
35,2,939,4109
21,1,1458,10385
11,4,2229,14684
2,1,2597,17666
14,4,2009,724
3,4,804,4501
3,1,2973,18280
26,3,1279,16987
12,4,1501,15073
31,2,606,470
38,4,1165,1712
25,2,690,15026
13,4,994,15118
8,4,1874,3063
9,3,2879,6033
25,3,1103,9500
7,3,479,10861
33,4,105,5481
14,3,2998,6804
12,5,1930,11500
21,5,1260,7658
11,2,1678,9509
9,1,732,10083
31,5,2803,1688
25,4,1197,19512
23,3,114,15515
18,4,228,8819
6,1,1070,8344
8,3,2424,16534
19,4,2385,3185
24,1,2572,6438
3,5,1554,10224
33,4,1833,11721
7,1,1106,9040
27,1,391,3599
7,1,831,6416
32,5,1326,9710
10,4,94,3279
19,5,250,7839
26,2,2030,2558
19,2,794,18212
6,1,461,13608
33,5,872,6534
17,5,1364,3594
14,4,2171,904
28,2,2943,9925
28,4,475,4562
6,4,822,3549
1,1,594,5886
7,2,1657,9750
27,3,304,9894
40,2,2961,13669
39,2,2889,2970
22,4,95,17552
8,3,777,3147
38,5,1868,16979
8,2,1978,18517
27,5,1135,2631
15,1,2416,19135
39,2,733,8379
14,4,1265,14193
32,3,2696,13517
28,1,396,16521
37,3,686,3120
21,2,1837,11819
3,1,2006,14965
25,2,2603,19058
2,2,1941,2573
40,4,862,15103
28,5,2798,19182
10,2,2892,15918
5,1,483,10768
4,5,1176,8095
8,5,942,1281
27,2,571,6710
28,5,2832,10295
10,2,804,16745
12,3,661,18643
10,4,2969,3083
15,2,577,18215
1,5,200,14006
4,3,414,6912
5,1,656,1773
5,4,2358,1670
30,1,413,16181
9,4,1450,15838
34,1,1512,17532
3,2,792,8104
3,1,2489,5625
34,2,1439,11026
25,3,888,992
37,1,630,15247
20,4,2850,4280
19,4,1373,5319
28,5,2617,7754
21,5,252,2407
18,2,1760,7697
2,5,1490,14987
31,2,222,10243
17,3,2290,1775
8,5,392,19176
24,4,1601,9819
29,2,588,2684
23,4,2687,15598
20,3,2719,4951
7,3,145,18146
26,3,1733,7395
20,1,268,11617
2,5,1111,13893
8,2,365,1798
20,1,203,16709
11,2,1629,2006
10,2,1360,18390
38,4,2871,11296
16,3,1139,7833
5,4,2624,16278
19,1,2702,11780
14,1,2287,12714
2,1,2582,12066
9,5,121,14944
35,4,133,11801
21,4,2322,10963
34,2,1375,807
2,2,2321,10035
37,2,1629,15203
35,4,837,12391
22,3,1425,11654
6,2,219,19220
23,1,1822,6253
38,2,1557,1644
21,4,1506,18634
34,2,164,3065
31,1,1300,17572
27,5,2684,7716
39,4,669,10586
24,5,2143,10905
26,4,1055,14204
20,4,965,3280
15,3,2081,6529
12,1,894,250
11,2,2708,6988
5,3,1092,11468
31,5,2408,10817
16,2,1629,4531
12,2,764,4288
16,1,2692,2045
15,4,2064,6539
14,5,1721,10414
22,1,348,5230
32,5,1571,3890
32,4,2392,19512
11,3,1812,5318
37,5,2883,17464
29,5,2714,12144
35,5,2334,17102
15,4,1612,13420
20,4,1160,892
38,2,1917,2119
11,5,102,6220
32,3,1362,18554
1,5,2245,1768
28,2,1396,19004
12,3,706,6040
40,1,721,4409
35,1,2912,9693
17,3,342,5030
10,3,1512,14078
2,3,2880,16785
15,3,2238,3228
5,3,786,8025
17,1,1670,3076
14,2,1590,3674
9,2,2758,17460
34,1,1966,2888
21,5,891,5783
31,1,2152,14743
20,4,2406,10891
39,5,2197,2097
5,4,499,14476
9,3,1330,13821
6,3,2537,6635
39,4,530,4115
25,4,1854,16316
1,1,1764,8413
3,5,523,8459
29,1,1346,14880
36,5,79,10114
19,1,2439,7061
4,3,2680,723
34,2,2717,16901
27,1,2424,2897
38,2,1732,17382
36,3,449,13192
12,4,1338,9585
21,2,2394,5904
1,3,1611,9961
35,5,690,11959
8,4,672,7549
24,4,1036,1159
11,3,783,17235
3,2,531,12936
28,5,2863,8592
11,2,1278,10783
5,3,2345,7043
6,3,2337,2781
31,1,2154,4387
18,1,1993,7113
4,5,2221,17452
8,4,2977,16242
33,4,1872,13422
15,3,2841,2686
21,2,2946,16112
25,4,449,9426
30,3,1129,7025
4,3,2225,12880
39,4,150,18845
35,4,1571,12906
28,2,1354,11062
5,4,136,17704
30,4,2105,4589
6,4,936,17872
12,5,1529,14645
38,5,2922,5182
13,4,401,11847
27,5,2770,1626
9,5,1462,89
5,2,523,10647
23,5,1680,4737
12,2,1537,3727
13,2,2296,8897
17,4,2768,11318
16,3,2763,5301
18,1,413,8884
22,5,2284,15240
20,2,2979,3747
36,1,1554,2987
14,3,77,5482
6,3,1518,9917
4,3,2715,15973
30,2,648,4322
38,2,339,18736
19,2,2927,2373
24,5,2837,1552
3,3,2320,18705
16,4,297,4895
29,3,2591,10186
24,1,1160,12985
7,3,965,5629
20,1,1477,19256
22,1,491,1500
12,3,2350,18122
22,1,2421,1233
31,1,1890,12361
8,4,1255,1161
39,5,984,9856
26,3,975,8429
18,2,642,12791
30,5,1449,15124
29,5,2024,8077
18,4,2320,5351
39,5,1381,493
39,2,1984,17692
10,2,2003,12563
4,2,1919,1767
3,2,786,1013
30,1,1733,19541
13,3,2949,10642
15,5,1516,17444
24,2,560,888
9,2,2853,12877
24,2,921,18751
6,3,1502,8538
40,2,1757,17375
20,3,611,5906
18,2,1861,9280
32,1,2891,1413
13,3,2947,8864
17,5,932,16227
15,3,695,16021
2,5,2549,16990
4,4,1764,15573
1,3,354,2883
10,1,1326,17769
39,5,2463,19397
20,3,2062,7950
30,2,2569,1860
9,5,2712,13602
37,5,1915,17793
15,2,2236,13651
11,2,2098,16598
3,3,1669,14722
36,5,560,3959
26,2,1682,18073
26,1,97,14254
19,5,1879,16259
37,4,1974,10380
29,5,501,10520
40,5,1725,18713
38,5,2441,4554
26,5,1348,2461
6,5,556,15366
26,4,1449,17541
32,1,2605,9705
23,5,643,9074
21,1,1129,17645
23,3,562,18253
13,1,2966,54
10,2,2243,1634
28,4,1839,12067
30,5,1305,8494
7,2,2597,459
7,4,2795,19699
1,5,940,7063
3,2,599,15831
38,3,1834,18103
30,1,2496,17947
8,1,2394,14858
38,4,2004,13279
12,1,1989,17963
40,3,85,1436
26,1,924,1469
33,4,846,10680
8,2,2755,13552
11,2,2678,16042
23,2,1704,7277
12,3,2035,10057
5,3,2918,10875
35,1,1457,7046
37,1,2166,869
35,5,1943,17482
32,1,299,15569
6,1,2400,1394
37,3,2677,1497
24,3,1468,14302
33,1,1742,8840
22,2,1008,355
22,2,593,8787
36,3,735,12381
19,2,2694,1646
31,5,1669,14468
19,5,813,18730
34,5,1660,17310
22,1,1042,53
34,4,1861,13529
2,3,631,10180
18,1,2285,824
31,3,523,8595
18,4,438,6141
40,4,557,12974
25,2,2593,17774
17,4,610,11622
10,2,219,15281
38,2,2656,8711
31,2,2581,5274
1,3,281,16670
24,2,69,8946
7,4,933,19340
26,2,2118,19352
17,4,2797,13221
10,3,2389,5618
35,4,2587,15268
1,5,1219,9551
30,5,2577,8934
17,5,2597,9781
25,4,376,7796
5,4,493,6759
15,1,1192,14219
23,3,132,18256
35,2,2610,1349
2,5,2564,12902
18,2,1182,13521
5,2,244,7481
3,5,1859,19961
20,2,1813,903
4,1,480,10760
17,2,1452,15611
22,1,217,8573
21,4,2493,13090
26,3,904,9195
24,4,764,5306
23,3,493,12257
13,4,2672,16366
36,3,1224,255
36,5,785,6059
32,2,963,14883
20,1,2360,2332
17,4,1708,7471
8,1,645,1025
5,2,2882,17078
2,4,578,2904
13,4,592,19060
19,4,388,17744
26,3,2362,6878
39,1,2011,5777
31,3,745,2329
6,5,2616,16356
10,2,1067,5745
31,2,871,4326
13,1,2580,10507
16,3,345,13394
7,3,508,9291
36,2,1791,2836
34,4,686,1437
24,3,1369,1986
29,5,2190,7888
24,3,1025,1877
9,4,2392,8754
4,4,166,14170
23,1,802,19134
29,3,1600,11090
19,3,2507,12764
9,5,1466,3942
16,2,2323,3566
4,3,659,5192
9,2,1912,10677
34,4,1693,8986
27,1,2358,15270
31,4,2940,19598
39,5,2863,177
19,4,2378,4272
14,3,112,4134
18,2,1283,14601
28,2,1085,12574
3,5,2497,14232
30,3,1490,18174
30,1,1970,4612
40,1,2290,17728
3,2,545,616
10,2,2425,6849
39,4,904,6219
33,2,1491,17055
21,2,1286,10960
25,1,579,13980
18,4,1549,3454
28,3,635,589
39,5,857,18632
33,2,598,6523
23,2,2773,13793
16,3,1010,9208
14,1,1504,1218
6,5,1178,16979
31,5,311,18405
13,4,601,5643
37,2,696,2413
4,1,1624,1096
8,2,315,16397
5,2,2490,5842
36,3,2709,10346
24,4,2380,10625
12,3,1527,3298
12,2,2064,14548
19,4,1388,8355
6,5,1569,14951
6,4,1961,12388
32,4,1956,10301
23,2,133,14386
20,1,804,6598
34,4,2774,19156
13,2,1637,15466
32,4,2325,19682
29,4,955,19268
39,5,304,7278
25,4,2455,5331
16,1,2349,11520
19,5,805,18002
21,5,1448,8015
2,4,1812,2295
37,2,2612,14974
12,2,986,17905
23,5,1017,11860
20,1,2518,18466
23,1,1542,16066
21,1,1075,10939
34,5,2448,888
36,4,908,18049
31,5,492,19072
35,5,460,11029
31,4,546,9282
39,3,2355,3557
31,4,47,17163
5,5,737,18481
3,2,2232,13846
32,1,184,12314
40,3,1251,5830
26,5,2102,4118
7,1,1138,9444
17,2,1029,19692
25,1,2440,893
32,5,767,6499
3,5,611,15944
20,2,1259,1017
35,2,1961,16584
27,2,85,2353
14,2,959,2507
40,2,179,9294
36,3,866,9642
13,4,754,6664
15,4,892,12038
21,4,1345,3103
10,4,2057,289
28,4,98,3749
16,1,1376,2692
22,3,165,2681
12,4,2475,1275
22,2,239,4984
12,5,2167,18563
35,2,2234,5366
25,1,2574,7378
20,5,138,4470
30,2,246,572
2,1,803,17146
2,5,1795,1120
39,2,1732,4369
29,5,2873,11410
18,4,164,3250
22,1,1768,3044
22,5,728,17091
36,1,1375,9997
20,2,894,7767
11,1,920,15509
37,4,1686,8531
36,1,2532,6891
40,1,2204,2316
40,3,162,8145
4,3,1073,16555
40,3,606,2553
9,1,1658,18640
1,3,2022,5352
22,1,604,14852
7,3,516,6917
22,3,1764,19900
31,1,1676,3301
29,1,1765,19599
24,2,1235,61
30,5,1714,4226
37,3,1296,9535
29,5,453,1983
40,5,951,2974
33,3,1662,5148
3,1,2964,5639
6,5,2561,16406
5,4,1861,19087
5,2,1568,11526
8,5,836,11296
2,3,639,15606
7,2,213,11995
16,2,994,9960
9,1,910,12380
14,5,2630,10156
8,2,2779,7970
2,5,829,6573
4,2,1740,3200
20,4,393,10370
15,5,2880,4059
11,1,1643,1672
32,3,960,4240
3,5,1007,6072
3,4,1033,12132
1,3,384,4611
19,3,56,11797
19,4,1831,5985
19,5,272,8383
5,4,2510,240
25,4,765,2853
5,1,2528,6118
9,4,845,19825
3,3,272,5450
40,3,230,19500
30,2,1693,10947
19,4,954,10787
8,3,2280,3326
40,5,942,6516
37,1,2515,12257
23,4,2085,19954
19,2,2055,18290
4,4,757,14950
7,2,2452,11079
1,3,1248,7174
7,2,1649,15267
17,1,841,10210
20,3,2070,881
7,5,1966,333
33,2,2637,9844
39,2,1065,7535
13,1,2595,488
21,4,1071,14393
1,4,1205,12617
8,3,1372,9714
9,1,1602,3567
32,5,1661,17708
38,4,231,7333
36,3,2886,4646
32,1,1556,2389
15,4,439,5232
35,3,368,5556
28,5,1749,7736
18,2,909,10908
33,2,1102,568
30,1,2925,4521
31,3,214,19257
17,1,2660,15059
11,5,504,12498
5,5,466,12408
32,5,1380,1315
23,4,1466,17775
18,5,2868,1892
27,3,1597,11871
11,5,2968,276
6,3,363,16290
14,5,393,19802
31,3,2648,17442
1,2,2833,14690
10,5,2427,268
34,2,191,3946
13,2,2397,19952
16,2,1276,15719
28,3,2674,8520
16,4,1260,17944
36,4,501,14003
10,3,327,10332
31,5,2945,18904
6,1,2817,3162
20,1,1016,12556
29,5,1483,6589
3,4,213,13829
16,5,447,16765
21,2,175,5992
13,3,2326,15709
35,2,2528,18227
19,3,2082,5093
11,1,155,5378
21,1,1414,19303
33,3,1544,1662
15,2,2586,17106
18,3,2954,8043
6,4,1926,13715
40,1,2565,16953
14,3,778,14429
39,2,1024,7824
18,2,2463,5244
20,5,2230,5046
9,3,1321,14772
4,5,2978,19091
34,4,325,16541
7,2,105,3267
20,4,2375,16504
14,5,2308,7555
29,5,90,12249
23,2,54,5620
37,5,2454,10274
12,2,1727,3112
38,1,2918,5991
39,5,317,7307
34,4,194,4538
26,4,2699,17444
29,1,608,2243
15,3,1275,3897
34,4,1610,9951
36,3,2404,16822
16,5,1582,15033
10,2,870,9086
9,4,1080,14389
9,2,1708,17982
1,1,2783,15781
19,5,2396,9264
13,4,2508,6627
12,1,2011,10148
3,1,2440,368
38,5,2051,13811
21,2,1763,18470
6,2,709,14385
35,4,872,13338
36,3,446,18916
18,5,1005,6484
5,1,980,9469
9,4,2481,12653
1,3,1873,7272
32,4,2212,18019
16,1,1630,10489
8,5,1258,4890
13,2,70,5276
15,1,106,2069
33,4,2419,10138
27,2,2038,19713
6,2,555,3604
35,3,1646,14503
3,5,834,7492
38,5,1871,16174
9,3,1122,6954
22,5,2680,6727
27,4,1426,5666
26,3,2731,15048
14,1,662,14150
28,3,1409,2174
34,1,577,4383
40,1,1214,16911
28,4,2942,14037
27,5,856,6189
1,3,738,10040
18,2,850,15485
16,2,943,17517
26,5,2370,9719
26,3,2243,13898
17,1,492,1273
8,1,2939,10393
30,1,2335,14762
40,5,1066,16373
5,1,269,19797
31,2,2252,14467
14,3,607,10491
25,4,2543,322
25,5,526,9124
32,4,2619,3968
39,5,596,3667
16,5,141,13108
29,3,219,9875
4,2,1063,6703
8,5,367,17085
8,5,343,14342
16,5,759,17845
25,4,1542,17290
5,5,814,16675
15,2,1270,18284
12,1,2618,15280
36,2,2053,8672
34,1,1854,4474
10,5,2881,12458
4,2,385,3032
36,5,2568,5907
27,4,724,5701
37,1,2121,18610
20,1,879,14616
23,1,680,15644
32,3,753,15914
39,2,944,19396
15,1,631,7623
9,3,675,4947
32,1,2431,11370
16,3,1483,8296
25,3,612,6281
19,5,803,12156
12,3,110,19205
13,5,2726,4506
31,4,2264,18030
32,3,1433,2295
34,5,1321,8772
13,3,253,15553
10,3,620,16366
19,2,467,4586
19,1,2328,3640
2,5,2600,4299
28,4,1453,2933
34,1,2804,12233
4,4,2305,3641
5,1,198,12971
17,2,1796,19761
30,4,2853,13267
10,4,216,682
3,3,1270,16184
32,1,340,7433
19,5,2438,7983
7,1,1589,6410
25,1,2570,1149
32,3,536,13953
29,3,1928,4065
1,1,1789,18486
1,3,1721,4648
12,3,724,14970
3,5,1097,7848
29,4,1499,13393
33,1,2760,7219
34,2,2512,14258
21,5,1742,15971
25,5,285,11425
3,4,2122,19182
3,1,2368,19347
35,5,2718,17290
6,4,802,15593
32,3,557,19785
17,1,1494,15269
8,3,2844,1143
12,3,1113,19499
12,1,2893,15616
35,5,1473,6378
22,4,847,17466
8,2,1024,15957
38,2,1229,2302
3,4,1737,27
1,5,396,8686
8,2,2780,11218
12,4,2356,2214
6,2,1956,4586
13,5,1246,14966
36,4,498,18409
19,1,392,15913
7,5,352,3130
12,4,964,3727
37,4,2577,2465
6,3,457,12026
24,4,1440,10208
19,3,1695,8119
39,1,2429,12594
22,1,1901,16687
6,5,50,6976
20,1,2718,14216
32,4,1165,12042
2,4,1584,6335
27,5,589,9960
14,1,1569,12900
11,2,1826,18951
9,4,908,18430
35,5,1988,9466
3,5,1745,2133
16,5,897,5527
15,3,2105,5078
31,2,1121,10884
31,4,82,2142
36,2,1123,6279
17,3,2827,15502
17,5,1387,7584
24,2,1301,2034
9,3,973,3859
36,4,1702,9615
37,3,153,9415
34,4,2930,6697
3,2,2190,6755
18,4,1876,12272
1,2,2543,4915
28,3,2033,15586
4,5,803,19429
4,5,2109,11413
4,2,2950,19120
8,2,542,16352
40,3,2424,7273
13,3,2053,11478
19,3,108,19299
35,1,321,12042
11,3,2146,10124
24,1,2777,4765
21,1,413,677
18,5,2982,16748
32,3,2788,10076
21,4,402,14060
34,1,1109,3811
1,5,2561,19629
39,2,2061,568
22,2,766,15433
31,1,582,5296
21,3,1532,10889
1,1,2178,13338
21,5,1657,9766
27,3,229,14840
32,3,1557,9241
10,3,2448,5429
39,5,2978,4773
5,5,2344,17574
28,3,2414,7927
30,4,1038,12034
26,1,2455,10793
31,5,2917,18947
40,1,2571,17431
30,5,59,15564
2,5,2448,5373
11,4,1164,11255
27,2,1086,12470
30,3,1103,16636
7,4,1763,17012
2,5,2339,3225
6,5,2086,11012
11,3,2246,10353
10,4,1337,11636
13,3,2151,11272
32,3,2268,14463
28,1,2226,8144
21,1,1281,2026
17,1,804,15848
26,4,2725,8105
12,3,1481,660
5,1,2955,6326
11,2,2960,7099
39,5,1958,18752
12,5,2623,15922
30,3,2781,11449
4,2,1561,2058
16,3,310,7484
13,5,1700,3666
25,5,884,466
34,3,233,211
21,2,2287,8981
28,4,1933,5178
37,3,2011,14271
30,3,763,10791
28,5,2644,18719
20,3,2711,5509
18,4,221,14357
26,2,2459,16808
11,1,2937,3579
3,2,605,9715
35,3,1222,13819
27,4,1553,18017
26,4,944,18128
8,5,2894,13990
34,4,264,17923
38,1,2743,12259
32,4,52,1370
24,2,1545,4504
16,3,2916,6154
21,3,1762,15309
10,3,2704,9743
21,5,825,16140
30,5,69,15454
17,5,1629,6300
40,1,2246,9625
28,1,400,12643
29,3,2954,8241
19,4,2225,8286
14,5,1131,17857
31,5,2204,8928
21,4,1904,7799
33,4,172,2398
11,2,346,7548
20,5,1301,7497
12,5,1263,13105
4,3,2278,10806
19,3,1544,8946
24,3,258,17875
3,5,881,15677
7,5,1880,3526
36,1,1994,5487
11,2,2515,18290
18,3,277,15567
38,5,284,2337
38,1,1786,5107
32,2,2116,16013
31,2,945,5897
24,2,1670,13226
7,2,2998,4477
20,1,659,4580
25,1,341,4599
5,4,1601,11095
12,2,2459,12400
24,5,251,12082
9,1,2665,8719
32,4,154,241
36,4,888,6136
23,5,342,2678
9,2,2206,14004
19,3,2635,300
39,5,361,5622
31,4,2503,16660
17,3,2470,3588
3,2,241,17603
31,5,492,2129
8,3,1288,18723
22,1,891,708
3,1,945,8315
4,5,1299,880
40,2,1355,14018
31,2,1016,11109
32,4,198,11942
14,2,621,3542
9,4,268,19732
39,5,201,13118
30,4,2899,4258
24,2,1482,2509
26,5,2434,16936
6,1,1688,1702
17,1,2298,16076
15,3,1770,16199
4,5,240,5124
39,1,1246,4832
7,5,1859,7593
8,1,1155,18798
4,3,2139,16385
6,2,687,5486
24,2,1320,1601
36,1,2718,4445
1,3,185,18172
20,5,803,12244
37,1,486,2301
39,4,1920,8569
5,1,177,1210
8,5,1409,5312
18,3,1221,11821
29,5,1791,19950
1,2,2581,17189
7,5,915,12408
7,1,1797,12814
33,3,1419,15387
16,3,2631,15476
36,4,2677,15145
12,1,2136,18120
9,2,2126,2021
7,3,1038,8353
6,4,1977,3604
34,1,1927,10754
20,1,1629,10762
32,2,873,12775
32,3,2508,7669
32,1,2475,11193
23,3,184,14139
19,3,2256,6634
2,2,2484,3278
24,1,1999,1104
27,1,820,5685
13,4,1875,8114
21,3,1191,1876
33,5,503,708
1,2,1949,17126
6,1,2444,9021
10,1,1364,11576
11,4,2837,9585
16,3,1850,8717
31,4,605,12620
34,4,1844,10454
18,2,803,16009
3,3,1116,5302
4,3,2416,15997
21,4,2518,4428
7,4,2664,3944
33,2,1812,2345
11,5,1714,15144
30,3,1742,10145
20,2,2910,1635
32,1,1635,6563
32,2,1766,865
4,1,2671,17715
30,3,362,8315
39,5,343,17147
36,4,1805,10736
14,4,2507,7158
33,4,417,12622
20,4,187,15734
7,1,1065,14251
1,2,1395,5046
10,2,2454,2686
26,3,324,13473
24,2,1383,18732
39,1,2454,10632
27,4,2708,9308
6,1,516,570
14,5,1090,13845
39,2,2025,19294
18,4,2435,10064
17,4,1095,5363
19,1,161,15992
8,5,804,19042
19,3,1179,12755
22,5,582,6079
8,4,1513,10252
17,2,400,18544
38,2,577,17130
20,4,2354,9590
1,3,233,6154
11,1,1331,7192
26,4,2220,1446
3,3,2808,16305
21,2,2620,5231
37,5,1798,15672
9,5,659,14546
27,4,2081,13355
37,4,2741,12879
21,4,1981,6622
9,1,715,14733
37,3,2491,13301
9,4,2716,19324
31,1,1030,4112
30,2,737,19310
37,3,471,65
21,4,2257,8508
33,5,800,11980
15,1,2713,7460
40,1,2345,7848
32,4,2495,4404
26,4,585,11583
15,3,1703,12771
36,1,998,11344
33,2,1167,3424
27,4,2265,6371
7,2,2257,16495
33,4,802,8627
24,1,2370,18086
22,1,820,17374
14,2,961,17877
14,4,816,4355
21,4,798,19097
30,1,1901,3535
12,4,246,19034
34,1,620,5375
12,4,1282,1438
3,2,1263,16111
28,1,2607,5353
31,4,1859,11879
21,3,550,16985
6,4,238,255
2,1,2063,9464
5,2,1619,14698
20,1,2836,10103
28,4,44,12678
18,5,994,12371
13,3,1635,8656
22,4,1758,19303
27,2,953,19715
29,4,1010,2327
37,4,1114,8440
14,4,2202,2507
19,3,2665,12605
23,2,574,19457
35,3,1808,6923
25,4,337,6546
16,5,1706,7900
26,2,742,7155
6,3,1805,16500
32,4,2001,10755
33,1,423,10566
29,5,1969,5143
2,1,2177,17978
1,3,1782,16728
3,3,1146,5608
13,2,78,8759
32,2,692,15505
38,2,1559,8231
27,4,2646,1624
27,4,371,17427
27,2,2671,1775
33,5,1824,4158
34,4,1325,15497
4,1,528,769
15,3,822,2488
19,5,1346,1203
12,3,1965,10184
29,1,77,41
20,5,1231,7388
35,2,688,10117
21,5,597,14320
2,1,1451,6870
1,5,2830,2951
30,4,2858,923
19,1,1190,7125
20,3,2344,5614
14,5,743,15114
4,4,1284,4404
13,3,775,6830
5,3,183,18120
32,2,2801,16945
30,5,734,15001
17,3,1912,5315
18,1,1391,5327
34,5,2580,1132
29,3,1344,1487
20,4,457,13912
5,4,2012,11141
30,2,1640,13520
26,3,249,8174
4,4,1171,11769
40,5,2920,17589
15,1,851,5213
38,3,189,7459
34,2,2849,4125
21,3,1263,6213
39,3,678,16794
6,4,2173,1486
13,5,213,4994
1,3,2261,14096
31,5,1406,19996
31,3,2993,1107
7,5,2244,5677
38,4,1487,12062
34,5,1329,18902
30,5,880,9983
18,2,1063,8456
6,2,77,4013
15,1,2666,19312
6,4,367,8696
17,5,169,16244
40,3,833,3973
25,4,594,15389
12,3,51,11526
35,5,2337,11996
34,5,1878,4611
29,5,2155,17759
40,1,1888,15818
10,4,1754,14021
29,4,2128,13971
16,4,106,17740
18,5,2173,3565
18,2,433,3700
34,5,896,17293
26,1,623,8812
21,3,2547,9679
35,4,2350,2589
23,1,1234,11446
27,1,1341,11536
11,3,710,10290
40,5,1892,4799
23,5,218,7303
29,1,570,10596
16,2,2886,12256
18,3,123,4501
17,1,388,9580
33,5,220,17747
16,3,1391,15454
38,4,2717,5088
36,2,332,8117
8,1,2462,14171
38,3,1761,7450
38,4,1207,16827
39,3,2841,8666
24,1,2909,17617
39,1,1810,12176
33,1,1249,6094
27,1,2651,19915
26,3,1028,15990
18,4,2071,14047
16,4,1539,16123
33,1,1993,2683
7,5,2043,11471
2,4,2459,14668
12,1,1885,16628
32,3,2861,1378
3,4,2861,4486
13,2,2650,9017
8,3,1013,4154
39,5,2727,11491
29,2,2887,15471
4,4,1016,16321
18,2,1623,1582
34,5,2992,3268
18,5,1762,15500
24,5,1203,18298
35,3,334,10256
16,3,1240,7889
5,4,1804,18947
11,3,319,12896
33,4,318,8440
2,2,589,19589
19,3,1290,1569
18,3,223,15996
18,4,1682,18883
39,3,1595,7902
36,2,2386,14745
9,4,2037,3005
11,4,1851,6612
24,2,853,9424
10,4,2081,9820
8,4,961,11860
10,1,2835,13488
25,1,2034,18500
10,2,418,10754
26,3,1222,16390
36,5,1993,17722
15,1,1014,12580
28,4,725,17832
17,2,1704,12994
21,3,1954,10165
1,4,1644,2153
36,2,1942,10203
15,4,2579,19936
28,4,2746,9045
9,5,1338,7367
30,3,500,9967
25,3,2824,15519
17,4,2960,6914
29,5,1945,9632
5,1,2999,14448
14,1,687,4063
28,5,2454,10662
30,4,1383,18728
8,4,1718,15823
19,3,302,4565
36,4,2562,5946
18,5,1974,18818
31,1,1742,5125
33,2,1383,10765
8,3,1317,15240
27,4,2429,14398
7,2,878,2895
40,5,688,16889
7,3,2956,17775
28,5,2334,2353
37,5,2641,239
11,2,2746,15503
19,1,943,5599
19,3,1038,6030
6,3,1028,4595
27,3,347,16792
23,5,445,7849
1,1,622,3240
4,5,500,1884
12,4,1401,12420
6,4,1217,169
27,5,353,10420
12,3,1939,743
6,2,2936,12952
5,2,1081,7108
9,1,2630,5283
8,2,267,7570
8,2,296,7428
19,4,1017,14337
29,5,797,7157
37,5,1433,19909
14,1,283,2034
14,3,470,1507
9,4,2870,9152
15,5,2745,2540
33,1,2264,18722
7,2,1549,10738
18,4,791,8696
18,4,2935,17160
39,2,2474,14395
35,5,627,3907
30,5,2059,7118
39,3,682,16593
24,5,1959,18418
27,3,2361,16916
31,3,2690,1971
38,2,246,8488
8,4,1721,11105
15,4,1799,11413
2,4,956,16715
15,1,1629,9309
39,4,772,5190
13,1,2259,17259
21,1,1416,2663
11,2,740,7857
37,1,985,9795
30,2,1497,0
33,4,2404,14299
25,2,1859,313
11,1,394,2651
3,1,2357,5428
6,3,2751,17699
23,2,1466,644
11,5,1848,19828
35,5,1467,1784
38,2,209,18630
24,1,1639,12656
18,3,859,11125
13,2,534,6182
26,4,2615,10047
6,2,284,9945
39,3,1056,19362
33,4,931,9339
25,3,2618,17505
5,1,2412,7620
2,5,422,12074
27,3,1924,10576
36,3,1959,11377
4,5,2892,12737
1,4,1741,9263
31,1,2653,7925
36,1,701,6591
34,3,2819,11582
16,2,429,4992
5,5,2346,16010
28,2,320,15496
38,1,1542,2221
36,1,2920,11089
5,2,536,2390
33,5,1750,4430
23,3,1375,15843
11,2,958,4930
30,2,2943,16376
26,1,919,8648
23,4,876,13481
33,1,2512,2244
20,4,1946,15244
11,5,634,18934
15,5,1296,2080
6,4,952,13789
27,2,2451,14939
12,2,2153,17777
4,2,383,8962
39,2,406,3872
31,2,2442,17544
13,3,2031,9504
15,2,176,7041
40,3,981,12140
20,3,1593,5073
22,2,592,10567
9,1,2564,15904
14,3,1992,17751
3,5,1807,5074
13,5,1835,6942
16,4,1198,12185
39,3,2975,13593
11,5,360,8927
21,4,2027,14714
22,5,467,7699
4,5,1912,9765
24,3,802,5369
37,5,1828,16312
37,4,144,11407
5,5,887,11199
37,1,43,10034
36,1,2595,9094
21,4,2575,12417
24,4,1347,3137
17,2,72,12223
26,2,1669,16344
26,4,1249,19230
38,5,1825,15964
20,2,2913,2089
36,3,1607,15711
11,2,167,3577
34,2,1596,2966
12,5,527,2965
6,3,2865,12292
14,3,1558,17478
30,3,2593,5602
12,5,1012,8793
26,1,275,12193
38,2,78,14358
3,2,2748,5642
40,4,740,19776
7,4,307,16991
30,2,200,17963
16,5,2446,1719
17,5,2169,11382
26,5,2359,11940
28,1,2215,899
30,2,312,7532
22,2,2966,10828
17,5,2579,17798
6,1,963,15259
17,4,1476,18163
9,2,250,5593
22,2,1923,3501
31,3,244,11966
7,2,1166,2133
23,2,1191,9176
12,1,2649,6504
17,5,755,12646
34,4,1051,3153
23,4,1122,9229
23,4,1769,6215
36,3,2318,11502
23,1,763,8290
37,2,2837,2885
26,2,2219,4312
7,4,2545,18817
36,1,89,6239
16,2,1358,7043
38,5,2492,15933
4,2,2190,3849
33,5,1897,12013
32,4,2558,7488
34,4,2026,10844
39,1,143,5857
9,3,441,4429
25,5,192,13298
26,1,1111,15728
33,2,1896,14190
16,5,152,12679
18,5,2966,2596
34,4,1283,4168
33,5,1888,92
27,4,794,1209
30,3,248,1547
25,5,363,18535
2,4,834,3895
17,3,2571,14141
35,2,1123,18968
23,4,2480,368
14,3,2006,8986
35,5,725,16002
12,4,1380,19914
40,4,2154,7965
7,5,1711,3390
15,5,1110,13920
14,4,2651,4314
19,4,72,7554
3,5,1322,2300
27,4,2316,3776
34,4,2812,12695
24,3,2605,1947
9,3,306,17818
18,5,2541,19323
16,4,126,4647
31,1,801,18840
10,2,2421,16901
11,5,1960,17809
23,3,1767,12381
11,1,931,57
13,2,2647,12315
35,3,1449,5962
5,1,2565,7289
24,3,151,15431
40,1,2077,2185
16,4,2960,5918
10,1,1711,4168
35,4,1705,14278
32,3,1511,5231
19,2,1796,6231
38,4,2895,19376
16,3,1315,19297
39,1,1449,6835
25,3,415,17442
25,2,1381,7779
12,3,2185,17883
11,2,828,9549
1,4,1874,16253
8,4,1588,4842
38,3,1975,8814
18,5,1165,10936
39,5,534,11884
32,3,927,10927
4,2,1602,14689
10,4,726,2508
5,5,1441,3417
2,2,262,5295
4,3,709,795
38,3,313,183
4,5,1847,8209
14,5,265,11855
8,2,111,3025
12,3,1535,10772
2,3,1414,18232
35,3,1592,516
33,4,2741,19013
2,1,515,3414
14,2,2811,16742
27,5,255,5792
19,4,1038,13948
40,5,2906,9462
31,1,903,2785
7,5,2834,7594
27,5,1296,32
17,4,626,11939
10,4,1969,5357
21,1,2766,12355
13,2,736,7909
9,2,2848,2293
36,5,1316,4655
19,3,884,12112
38,1,106,3572
3,2,649,378
2,4,1301,13959
25,4,2215,10554
17,4,1502,969
39,1,1062,8891
22,4,51,11021
33,3,1708,818
24,1,682,15238
22,3,2217,2641
5,2,1353,14739
39,5,1953,6275
5,1,1574,17134
18,5,1755,1991
25,3,71,10861
36,3,2972,1772
27,5,533,8153
27,1,108,9332
26,1,728,1836
6,1,1890,292
6,2,1181,17591
14,3,613,11320
21,4,1736,9736
9,4,874,4243
38,4,96,12875
33,3,2332,10106
33,1,2950,10654
24,4,2553,4559
37,5,2799,15261
39,3,2911,1633
23,4,210,4264
37,2,1990,2096
1,1,2151,7435
2,4,2765,2733
15,2,672,6890
19,4,1060,2034
12,4,1202,15468
33,3,2221,14565
37,5,1250,467
28,4,1155,15072
25,5,67,18479
9,4,369,15668
8,1,959,16531
28,4,195,5416
10,3,754,12960
30,1,1748,13670
35,5,2346,2559
31,5,2242,5372
16,4,2782,7984
14,5,2850,14728
5,4,389,231
3,1,1001,2302
34,5,1194,14053
35,4,1830,16799
24,4,1134,11938
26,2,464,5613
7,2,1983,6573
18,3,947,4163
18,5,2320,362
34,4,1032,11806
40,5,584,17565
20,5,2139,12348
36,1,2199,14635
28,4,1420,13543
1,5,1535,6046
1,5,2352,15563
13,5,1025,1957
6,5,1089,6806
2,3,458,5964
9,1,2089,10876
25,1,2731,8691
17,4,2086,11560
7,4,1347,17938
11,4,2720,12997
15,5,597,13895
7,1,1676,17878
40,1,129,14248
17,5,2911,7735
5,1,1587,4505
31,3,2978,15578
38,1,555,16262
19,4,2668,13524
17,3,149,12284
7,3,1926,7513
32,4,1757,15112
9,5,1724,18591
22,1,164,824
26,1,141,5541
2,5,1649,340
16,3,1476,18055
26,3,1640,15725
23,4,1162,13981
26,2,1412,3085
27,1,2236,7200
13,4,709,9270
20,1,265,2706
15,1,2499,7989
10,4,1226,16962
40,3,1554,2923
1,2,325,8276
7,1,2638,16637
20,4,1439,12130
39,5,1160,9809
15,1,2877,7152
14,5,2947,2300
35,2,880,17562
29,4,2116,9357
28,4,313,19321
9,1,1352,13587
13,5,2198,15114
29,4,1745,19003
34,2,318,8297
17,5,1385,17875
2,3,1730,12584
19,5,2138,11465
11,5,1990,12603
5,2,1207,4477
29,1,2637,2694
13,1,403,18032
30,2,237,17449
16,1,758,5025
30,3,256,706
3,1,419,3835
35,1,2762,16338
26,5,1463,6067
27,2,1271,6592
24,5,1338,7925
17,1,1335,2793
27,2,2906,1657
37,3,992,15062
1,2,1506,13733
3,1,1694,3571
14,3,1652,9584
28,5,841,19390
9,4,96,18324
24,1,236,4320
32,1,2550,7700
16,3,194,4048
38,4,2059,14260
34,4,2367,11550
36,1,1316,10302
24,4,1369,11080
38,5,2050,2561
29,2,2444,17086
1,1,338,14487
16,3,2317,18124
30,4,759,17673
36,3,919,18120
10,2,2044,19422
7,5,1997,3226
16,5,724,9925
28,3,2531,1332
6,3,2276,11249
34,4,596,7231
1,2,462,6728
35,4,2143,11463
5,2,233,17929
36,3,1978,13118
11,3,1312,5804
34,5,716,2462
16,4,494,18865
13,5,423,4400
16,2,2599,13275
40,3,2808,1607
17,4,1309,163
20,2,922,7393
3,1,1933,17347
18,2,854,17612
22,2,1138,19998
22,5,1435,17265
36,3,1921,11648
12,4,888,8376
21,3,2192,19483
31,5,1637,6316
37,5,948,19150
26,2,2215,9778
31,3,799,4012
21,4,1612,14423
16,3,587,11390
3,2,1250,3093
2,5,507,17619
16,4,1030,17382
20,4,928,7624
16,5,376,7364
31,3,1671,4154
38,2,668,19243
11,4,1705,6564
39,2,994,1153
17,1,205,17013
33,2,2375,18000
12,4,2987,5534
19,4,2440,1971
19,5,1099,18967
30,1,1917,8314
3,3,2995,1690
17,1,157,11339
18,4,2273,10109
24,5,975,305
5,1,59,8867
22,4,2057,11428
27,1,1829,19314
27,2,808,1153
36,5,1070,8517
1,2,2883,13027
35,2,1567,8583
6,5,473,13229
21,1,2683,3632
16,3,671,18823
18,4,963,19466
35,3,877,12830
31,3,1047,372
4,2,2600,7437
2,2,2812,5462
19,4,876,2139
28,3,1476,17708
22,3,2155,13322
32,2,1917,14034
30,2,2009,7090
16,1,834,17152
15,1,2962,8827
32,3,1890,15744
35,4,2115,10203
15,2,2738,10316
18,4,2796,11327
2,4,261,14146
35,2,651,15092
32,4,2392,17969
35,1,1087,13780
14,5,1905,16294
29,3,2982,3109
34,3,2524,12412
22,1,2965,30
34,5,1226,16508
36,2,1662,11758
24,2,479,12700
20,1,2581,14872
19,5,1434,13771
16,2,2944,3510
38,5,1595,14724
40,4,1500,11730
35,5,2356,15341
5,5,2184,12864
8,4,2836,454
2,4,873,2710
25,1,2092,14119
32,1,934,10064
22,4,1418,10180
5,5,1740,12218
28,1,819,6301
40,3,2285,2184
2,4,1310,14100
29,2,1923,18200
30,3,2811,3185
7,1,2661,5956
22,2,2355,5806
18,5,693,283
14,4,177,9433
18,3,210,3564
38,2,487,8400
35,5,1109,19119
6,5,874,9879
6,3,2640,6578
28,5,2916,5834
14,3,2458,3342
26,2,1590,11802
11,5,1700,17635
9,4,575,7972
17,4,48,1428
37,5,604,595
40,5,1556,5454
40,2,1259,6935
6,2,2923,17971
30,3,1706,12331
29,4,2830,2889
13,4,2904,6435
36,3,1565,2495
31,5,2709,12527
22,1,1970,14461
19,2,2205,9338
28,1,542,12501
3,5,1617,948
18,4,1854,10
39,2,1923,14764
28,4,1786,19567
10,4,1026,9965
39,5,1470,3616
9,5,748,3321
13,3,2261,19551
20,3,2888,11883
24,3,1005,13720
28,5,863,17207
15,3,2917,7536
2,5,764,12858
15,5,1116,4190
2,5,581,3130
16,2,916,10457
4,5,807,8151
26,3,1865,9233
6,4,1713,15873
20,5,2270,5598
22,3,731,10435
36,4,1219,13581
22,1,1371,708
20,3,1211,10300
26,1,2030,12003
32,2,575,9973
19,2,820,6874
28,2,1908,540
29,3,2332,1875
19,3,730,7542
3,5,205,9056
15,4,1313,19884
3,2,727,8206
17,2,901,2662
3,4,2279,12270
18,3,2562,1097
23,2,2588,4216
28,3,2193,632
22,1,1918,3968
40,1,1259,3971
38,3,1666,15898
13,3,2835,6339
20,4,2065,15743
19,1,1748,19774
21,4,2140,3065
15,4,1614,1733
2,2,2060,16293
10,5,323,17106
16,5,2016,14454
26,2,1407,13586
20,3,1455,790
22,4,541,19892
18,3,351,17796
23,2,1565,4062
19,3,719,17736
8,3,718,2685
15,3,1462,3012
24,4,427,1096
7,1,2650,6051
32,2,1348,3263
25,4,1127,8953
9,5,2287,7212
37,4,903,1291
23,5,1724,3687
27,5,826,19785
17,3,2937,8766
26,3,2927,7063
24,5,345,7665
31,2,1986,2149
5,4,363,12652
1,3,487,18708
40,4,2224,16867
3,2,2859,8718
3,1,2702,15797
14,4,1346,9217
14,2,1241,7750
40,2,2928,11793
18,3,734,15483
14,2,1307,6021
20,2,477,13912
12,2,2573,6871
11,4,379,14829
9,5,2861,17708
25,5,1294,7053
31,3,2260,15158
30,5,1767,7567
5,3,1312,14850
29,5,178,17972
33,2,2239,2752
31,2,2833,6002
23,2,1669,13699
37,4,1841,11816
22,2,982,3747
24,5,1077,4741
5,3,1207,3386
7,2,327,18825
32,5,2317,510
30,3,1002,12344
27,4,1693,2923
5,4,1160,10239
38,1,2181,6353
28,4,1312,1648
35,1,1832,19536
17,5,679,3281
4,3,1769,28
18,4,2499,16613
12,5,1840,7545
40,1,413,10753
23,3,222,10771
1,4,1269,19020
24,1,1892,13682
16,2,877,18148
15,3,1247,10337
26,4,2272,3144
17,1,2918,1099
6,2,1787,15975
18,4,1037,15785
32,5,1528,7841
23,3,2130,14938
16,1,312,1097
9,4,1008,10556
20,2,289,19774
14,2,1040,13559
2,2,541,13078
34,3,1089,9220
31,2,399,2080
22,4,1459,4052
24,3,2910,12288
35,1,1745,14943
20,5,2923,10430
19,1,1493,18049
14,2,2641,5491
38,4,707,4729
24,3,2435,10557
6,4,1256,18501
13,1,2032,13425
1,2,1788,13489
29,1,1132,190
6,3,1201,7597
31,5,1274,4920
28,4,2935,14044
22,5,1457,18452
4,4,1787,5186
3,5,1756,8497
17,1,2815,13376
30,3,1307,17324
34,1,2639,3519
33,3,1443,1630
27,5,2937,15550
29,4,579,15021
39,3,1559,12749
34,3,923,16765
2,1,1863,9288
14,3,2940,6726
27,4,2482,14884
36,2,1496,15533
20,4,123,4712
25,3,876,10256
35,3,2117,2718
13,5,1637,2271
7,4,2332,7272
9,5,792,10114
19,5,398,17522
6,4,2004,16033
4,1,680,8757
24,2,300,9393
14,1,1129,2556
17,3,1889,12959
6,3,1160,12796
10,3,2383,19597
2,4,1933,10349
35,2,948,12983
28,2,1906,9222
24,2,2791,14568
26,2,1412,18527
40,4,551,6899
4,5,2552,11208
1,5,2588,13646
38,1,503,5003
4,5,2331,16049
12,2,2603,17116
26,2,2603,9282
36,3,1452,16031
26,2,2221,4694
22,3,2605,2931
32,3,1435,1469
20,4,1025,13218
15,1,848,325
19,5,2588,753
16,1,1716,9137
18,4,2246,5806
20,4,177,13836
31,5,2460,8876
21,3,1490,5692
34,2,1731,13280
23,5,2283,17025
40,5,573,13457
11,5,654,11425
23,4,2883,3595
1,2,1892,10095
4,4,430,5091
12,4,2317,14695
22,3,240,18550
22,2,1072,5251
37,2,286,7349
13,5,1934,3030
33,3,1350,9049
36,4,2727,8759
35,2,1035,3916
26,4,1449,17385
37,2,1282,11469
15,1,1869,4966
29,2,2191,12913
32,2,1158,3078
15,3,1186,788
18,5,2377,11680
22,4,2712,19976
7,3,2986,8836
9,3,2234,9067
40,5,425,11544
30,3,1098,214
8,4,1995,16315
8,3,807,2686
7,1,852,4756
11,3,1014,2239
25,4,354,1064
5,1,2507,8874
22,5,2229,8573
19,2,1855,3708
28,1,1799,825
18,3,2455,10327
10,1,930,12569
34,5,2313,14149
27,5,1576,4851
18,3,1858,16322
32,4,1401,19111
24,1,1634,8751
21,3,2516,6834
28,4,1113,19743
16,3,688,10682
6,4,995,7422
7,2,1273,3109
37,2,226,6217
10,3,305,13103
17,5,2447,17288
19,4,2350,14199
32,3,259,2780
28,3,751,6725
34,5,2756,16423
7,1,728,8544
18,5,471,8209
15,1,2633,2950
5,4,710,13463
27,3,1179,2965
23,2,2183,260
10,4,1757,9429
28,3,2057,16293
2,3,2197,3629
4,3,2152,9382
15,3,2971,7550
17,1,2641,13263
9,3,1400,7333
7,5,2888,5830
40,2,2668,13285
21,3,2685,16759
12,4,693,4489
15,3,232,7909
36,2,859,15015
17,3,996,18324
27,2,1656,15337
37,3,380,2446
26,4,2628,3679
5,3,1329,14641
27,2,1333,12043
11,1,1004,4806
10,1,1788,14141
40,1,957,1272
15,4,627,2981
15,5,771,9042
16,1,1248,14849
25,4,550,6259
31,1,2296,13066
12,1,97,17343
37,3,2294,3872
24,3,708,11153
25,2,2787,2335
36,3,1705,19740
40,3,674,15803
31,1,1398,10740
25,4,919,6030
1,5,2436,8170
5,5,935,162
8,2,426,17752
34,4,2733,17930
18,5,871,4168
14,1,1980,11404
14,5,944,5684
35,2,1622,5084
34,4,2176,4074
13,5,2953,17441
10,4,757,15586
35,1,1205,3475
7,3,284,1959
19,2,1496,7822
5,2,880,13076
2,5,1526,8210
5,3,1126,12661
33,4,210,7265
10,4,1785,15891
10,1,1711,111
30,1,2672,14537
7,4,2724,6055
35,2,1418,8708
14,1,2542,33
39,4,2590,6066
33,5,464,19460
17,1,882,19095
17,4,2376,19490
22,3,2610,6889
16,4,746,16027
3,2,1505,12738
8,2,2909,17659
5,1,530,17315
18,4,1435,2767
13,5,159,15331
5,3,429,11310
7,5,141,3611
22,5,1786,19393
5,2,2888,4067
19,3,974,10881
28,4,2559,3015
31,3,796,19065
36,3,211,3871
17,2,1289,5062
24,5,2013,14224
21,3,1244,1319
4,2,71,3917
36,4,1890,793
4,2,2656,2993
30,2,2505,4506
19,4,2441,12948
6,4,254,7651
6,5,54,7748
33,2,2566,15031
32,1,800,16255
21,2,1443,5031
6,4,1556,19379
13,2,2741,19820
39,5,2368,2723
20,3,2586,14053
29,1,1712,16597
34,5,2728,11695
25,1,397,13147
27,3,2548,8753
18,5,1580,1280
8,1,941,2735
29,3,2824,17283
30,2,628,16846
25,2,155,17617
4,5,2564,12702
14,4,2021,9316
5,1,609,8645
11,3,2188,656
16,1,2775,5266
28,2,2100,16904
16,5,2695,16639
36,4,1870,2964
31,2,2843,11119
4,1,935,2331
20,5,2345,14433
37,1,278,9157
12,2,74,15454
39,1,334,17736
18,1,1073,7871
5,3,1135,281
34,3,1830,10515
17,1,966,8708
37,2,2873,12319
9,5,2357,9023
28,3,2255,18196
15,5,809,9738
38,1,745,16217
26,3,398,9078
24,2,1937,4629
36,3,2331,19991
38,2,250,5172
17,1,1466,7138
35,3,2158,19159
21,4,2768,16342
30,1,1436,15419
12,2,161,590
28,3,992,10380
12,2,440,8970
22,2,742,11781
24,4,2366,3848
9,2,2206,17148
27,4,648,1300
34,4,2311,19034
24,1,1969,10200
6,2,894,12916
28,5,614,13913
17,4,2310,18007
2,2,2616,19485
4,5,1635,6811
9,1,1102,18161
32,2,2751,12340
29,1,1663,3479
39,3,1981,6276
27,4,2967,19196
4,1,2230,6688
33,3,2056,242
31,5,218,601
39,4,2461,1103
18,4,2733,12539
16,5,1075,10267
30,3,941,4059
13,5,964,13562
39,3,162,11013
10,5,2469,1380
34,2,637,12341
14,4,296,11130
30,1,2776,16664
18,1,2929,3597
14,5,728,7505
21,2,983,8988
8,4,2547,14493
31,3,2445,16202
37,3,413,16507
27,2,2695,13059
31,2,355,14451
36,1,357,4216
24,3,684,12617
29,5,301,14762
20,4,90,1057
5,5,2405,15844
2,2,1400,5752
11,1,1721,8756
17,3,802,19584
4,3,2563,19420
23,3,697,6003
35,5,1541,4932
32,2,808,1993
1,3,2813,19537
19,5,2757,13502
2,4,2510,12686
16,2,523,17512
23,5,1467,18911
40,5,2506,19490
8,1,1899,9482
13,2,1405,2070
27,4,1266,10885
28,3,697,7751
20,1,1207,19957
11,3,334,14358
25,1,1020,1920
14,1,1656,8130
14,1,1279,10059
22,3,1543,18055
32,1,893,9391
33,3,2849,2914
8,5,351,18202
9,5,1707,10661
12,1,2875,15300
12,3,2079,9077
23,2,2207,15674
19,1,2320,8252
10,1,2498,19247
38,5,1878,6969
7,5,2839,9590
6,5,515,14976
12,2,2304,5360
17,4,1600,4395
11,4,680,11551
4,4,2650,8044
37,4,1588,10182
11,2,706,12041
14,1,1887,6639
12,3,2452,1262
40,5,59,1241
34,4,2148,15903
32,4,2808,3109
30,2,2279,11365
4,2,520,17300
30,2,839,14626
22,3,852,1556
38,5,892,6183
2,5,766,17091
14,1,1745,15142
31,4,1694,13884
39,1,365,1401
25,1,2334,16711
26,2,415,2978
8,1,762,1581
37,1,1825,497
4,4,2089,10721
16,4,886,19118
15,4,2581,15914
10,5,2110,10084
13,2,2306,6441
30,2,1114,7017
8,5,697,12198
5,5,2907,8544
36,2,2195,14641
25,1,585,19286
39,1,2967,4643
5,4,2829,7829
5,1,170,7263
25,5,2895,12069
7,2,697,19158
39,4,58,5063
37,1,630,16030
4,4,1700,10304
33,2,2058,3206
5,2,2895,15370
38,4,1191,16145
36,3,2397,12276
25,5,1843,11374
25,4,1989,7777
25,5,834,14076
35,3,2934,13387
38,4,193,9109
23,3,1819,19631
5,5,73,13779
16,2,2696,14267
27,3,1320,18205
3,4,2217,13507
3,2,2760,8101
15,4,2428,7461
30,2,765,5970
27,2,249,16123
18,2,215,376
31,1,1479,11403
6,4,2570,16998
5,1,856,9628
34,2,289,1604
2,1,1124,18583
9,1,1086,5254
21,2,570,13612
16,1,2438,750
24,1,1335,15696
18,2,899,9031
21,5,1017,6547
32,3,2347,11329
11,4,722,2153
36,3,90,5327
29,2,212,14190
13,2,666,18093
36,1,1508,10373
3,2,998,8651
29,5,1501,10518
14,5,1046,52
13,3,948,13421
30,3,306,5015
23,3,2688,846
33,1,2491,6822
33,3,555,15318
17,3,2864,15410
4,3,1704,7166
39,4,2708,10441
6,4,1519,12648
13,3,1730,11240
24,5,49,19890
30,1,1996,781
30,5,622,17190
16,4,534,4286
40,5,2811,12448
34,4,364,8955
28,2,1670,9463
15,2,429,13967
19,1,97,8219
9,4,726,9373
27,3,1793,8149
10,3,433,1949
2,5,1775,15395
29,2,2379,17908
8,2,520,11036
16,1,2338,1736
14,3,594,1767
27,2,78,7216
15,2,2322,14489
29,1,868,10985
39,3,154,6047
38,1,236,10845
25,2,1485,12351
8,2,852,17221
15,3,2393,16347
34,2,2176,18779
38,4,2017,9252
20,1,1497,10467
4,5,479,2321
8,1,262,19767
31,4,110,18378
32,4,2437,452
27,2,2849,12137
19,4,1365,2039
10,4,2284,2714
25,4,1701,7200
6,3,2178,10400
4,5,1881,19655
39,2,1630,6295
13,5,71,8522
13,5,2378,12645
19,1,1557,15743
19,4,2533,19756
35,2,896,11876
16,3,2094,15836
20,1,637,2919
34,1,1358,5334
24,3,2591,5878
17,4,1735,10639
14,5,2004,3115
3,1,1933,17852
8,4,2049,347
21,4,588,2939
12,4,248,17398
26,1,697,4280
10,4,655,17530
4,2,2259,3318
21,4,1559,11876
24,3,1586,2
22,3,2296,4323
18,5,1287,17757
39,4,2660,15952
20,4,2268,9945
21,2,564,410
10,2,181,3682
17,1,2453,283
39,1,2942,12253
11,4,2435,2536
39,3,2801,3616
6,3,1685,19612
18,2,880,19589
11,5,2610,11760
28,5,2141,10156
30,5,748,16089
23,4,2351,17597
22,1,91,1097
12,3,2549,14121
13,3,764,5000
40,3,213,14470
31,1,684,19340
26,5,2541,6611
6,2,2075,13231
22,1,211,926
18,4,2656,14466
10,4,2294,8808
4,5,156,17078
38,4,1659,3585
27,3,2848,9945
37,1,353,13670
22,4,515,18823
40,1,2390,3072
12,3,731,3043
30,2,179,8947
4,5,2796,3333
40,3,2103,10601
5,3,2002,12530
13,5,763,4603
22,4,967,9014
4,4,975,7366
35,4,2179,4976
31,3,1948,6723
28,1,2555,2467
14,1,2205,14779
4,3,2974,2184
3,5,331,1231
27,5,2253,5141
3,2,2261,15071
24,3,1128,14956
32,3,412,10753
38,5,2417,6347
38,1,1557,16367
13,2,2493,13141
23,2,71,4062
9,2,920,19531
1,5,780,1945
33,1,2673,9243
22,4,2276,13582
27,2,992,11556
24,4,1581,1757
13,1,2667,9788
11,4,2911,14884
31,5,2808,12940
12,1,459,12700
34,3,2535,17142
27,2,1243,14227
35,2,1231,10000
6,5,1590,9714
7,3,1181,834
38,1,360,2158
17,1,1535,568
9,4,2307,7810
20,3,1312,8896
4,1,1238,2166
8,4,119,10230
18,1,636,13511
12,5,2001,19626
1,3,313,4135
32,2,948,9076
17,1,342,445
31,3,824,9260
18,2,775,4541
12,1,2415,4903
32,3,947,16294
10,2,877,4732
11,4,60,10041
32,1,2169,6865
9,4,830,10219
23,1,2254,7777
24,4,2178,12012
21,4,2132,4120
9,5,1744,13228
33,2,1772,6383
9,3,594,5416
15,3,1032,7343
1,4,784,19406
14,5,373,9721
19,2,2479,15081
25,3,1657,5161
4,4,2399,8910
29,4,932,14185
12,1,858,11165
36,1,2798,13313
31,5,2390,14355
25,4,1280,14671
31,4,218,6181
9,4,2333,13262
5,1,1720,11164
9,5,2145,19910
30,3,942,13846
3,2,1527,2360
34,3,1288,17164
37,5,708,4242
29,5,1318,6834
4,4,1674,4303
6,1,1210,2655
23,3,402,15565
4,1,1079,15917
17,5,504,6464
31,1,2525,13463
10,1,1919,590
25,4,2053,19626
16,2,208,2064
37,3,1894,19383
26,1,2332,8198
22,3,2930,2702
34,4,675,14564
30,2,2383,3425
11,4,2421,3501
7,5,2824,921
39,1,1715,12406
24,5,2404,18573
30,1,2089,6694
35,5,2304,2315
11,1,438,2399
36,4,572,15856
10,5,2103,6305
28,4,123,690
34,1,697,7430
30,5,1292,3367
28,4,2605,2347
39,2,1757,1950
13,3,2949,1877
29,2,1445,3290
29,3,2785,1920
32,5,973,6072
17,2,1858,7246
36,4,46,16290
22,4,1759,12699
11,2,824,2800
36,4,272,7662
40,1,2774,10091
12,3,2327,11183
21,1,2907,4987
5,5,2901,16238
38,3,1755,17377
12,1,771,14669
34,4,1817,5194
6,1,2956,5483
18,1,460,6455
37,1,1654,439
19,3,1955,7575
38,4,176,9915
33,2,2236,10424
9,4,1225,7001
8,1,1889,2811
39,3,2902,16538
10,5,1428,5269
38,5,1606,6296
31,1,1967,177
39,4,1024,18084
24,4,495,4835
4,1,1412,15153
7,5,2429,554
9,1,2560,17557
7,3,1822,17880
18,4,2618,10219
14,1,2249,7371
39,4,1069,8631
5,3,209,15624
16,2,1806,12813
22,5,2045,17404
16,5,1403,17355
13,4,516,5468
35,2,946,18663
4,3,47,13510
32,2,1325,9124
17,1,1212,19887
31,5,613,8945
39,2,444,19132
28,4,427,3528
14,2,2532,14232
27,2,95,12014
33,1,2779,16690
24,1,2780,9438
15,1,2418,18328
34,1,1373,18364
40,3,75,2670
23,5,2869,16492
9,4,1099,17360
29,1,2765,18151
12,5,515,13658
40,2,2914,3289
9,1,702,13056
20,5,1211,13050
3,2,1335,7659
14,3,1540,5790
36,1,647,14808
14,1,808,14501
36,5,2501,19115
29,2,1471,2971
37,2,2653,3295
22,4,762,11664
23,1,2586,12044
32,2,264,728
6,3,2617,11187
25,2,2895,2075
33,4,1871,10828
30,4,2879,10381
26,3,1093,6789
1,2,1501,5725
33,3,1257,9193
20,5,2892,7981
40,4,2828,15460
14,5,216,7258
1,3,1713,14272
5,3,346,15600
38,5,1457,15350
2,3,560,3679
38,2,2850,15917
11,3,203,7663
31,4,118,10593
11,3,2382,12193
16,5,2652,8978
38,3,1423,7022
31,2,1502,12072
1,3,118,8361
19,5,1546,13016
25,2,1396,8764
25,3,2973,14577
3,3,2407,6616
19,2,1860,980
37,4,2821,13267
26,2,2328,4317
13,5,1350,8546
29,2,1015,19334
26,2,1620,4308
11,4,1369,19636
12,1,1040,14898
27,5,511,12783
13,2,121,8003
15,4,911,1546
34,5,454,10055
7,3,915,6359
13,3,471,9705
25,5,875,802
1,2,715,6612
24,5,2177,10919
38,5,394,18041
34,1,184,2749
26,3,366,4441
2,5,2435,9190
7,2,1121,270
19,1,2909,8928
8,3,2451,8192
27,4,2695,13188
25,1,380,8612
1,1,1856,11334
33,5,612,9972
33,1,1853,7390
2,1,1406,3969
4,2,765,16455
16,5,1375,16104
25,4,945,5146
34,2,1597,19505
13,4,550,5784
23,3,2135,17942
17,4,320,10111
4,5,1323,8387
25,1,787,8892
30,5,1576,9636
38,5,2701,7001
7,4,2130,15977
5,4,2634,12841
15,3,1794,17371
31,5,541,6333
14,1,950,12639
24,2,769,11650
20,3,1653,18121
27,2,1957,8114
17,1,433,17020
31,1,2148,5187
4,1,2295,11249
1,3,437,3284
20,3,2892,19024
36,4,2575,16482
4,4,1440,19210
37,4,2839,11896
40,2,868,9661
20,2,2557,7878
36,1,2959,12322
27,4,1367,18369
3,4,2689,5064
36,3,109,5991
10,2,2138,13502
31,5,2529,8609
27,1,2188,14328
13,1,114,17307
30,5,1739,1939
13,1,373,10789
32,1,2891,16878
29,1,2551,13447
16,2,1586,2624
23,5,1403,7174
7,2,656,3352
37,3,1860,1579
11,1,119,16462
31,1,1259,22
14,2,1232,165
33,4,1938,18782
8,3,488,5194
25,4,1375,9995
10,5,288,12971
25,2,2537,14937
38,4,2409,6914
30,5,1758,7585
2,5,2725,2538
12,5,2731,17507
2,5,694,6114
6,2,2774,10031
32,5,852,1917
11,1,2396,6346
1,5,3000,19257
26,4,1171,17174
4,1,2705,3897
30,5,1650,3935
31,1,1219,1049
18,5,228,16379
34,2,2952,11551
39,1,676,979
40,5,2258,14312
4,1,1361,15530
34,5,582,5035
12,4,1714,15854
15,2,1686,13447
34,3,1048,4599
40,3,2151,9870
32,2,453,13675
30,3,1360,5091
14,5,2622,16516
16,2,2436,19900
27,4,2905,7356
11,4,1197,7595
37,2,660,4498
11,2,352,9294
6,3,1010,4324
35,1,1954,10985
26,4,1157,155
27,1,2256,3857
30,2,405,19224
33,1,1131,10579
9,4,2170,15200
11,4,2115,17022
7,5,1623,10166
36,5,2273,9935
15,2,2189,11887
1,4,1713,15245
40,3,886,815
14,1,1338,13184
4,2,908,19659
14,3,1450,17250
1,1,2373,5846
32,4,2636,337
16,3,2959,19651
10,2,891,4950
5,5,1105,14855
14,1,130,5318
30,5,1290,2750
11,4,2375,19468
21,3,427,7264
33,5,1815,7405
24,3,375,12273
5,1,1790,197
6,4,2259,2866
2,1,1404,3899
29,1,604,15442
15,3,1233,7895
28,1,1364,3365
34,4,1882,14700
8,3,1881,16810
36,3,373,434
21,4,1540,720
19,3,1256,18551
25,3,1425,19089
5,2,2360,15200
26,4,1229,19800
10,4,101,16217
15,1,1574,8840
5,4,3000,15472
22,4,121,7933
3,4,2869,1445
15,3,1407,15274
20,3,2272,13464
38,5,445,10849
31,5,1271,14818
13,4,2087,11009
22,5,271,12767
1,4,1889,12594
2,4,1813,5946
30,4,1130,9380
31,2,1113,11273
3,1,498,11463
29,1,2925,3099
28,3,1677,8050
12,1,176,11477
9,5,499,19754
32,3,906,16284
6,4,1854,2472
33,1,641,18227
25,5,935,13435
21,3,1002,2080
29,5,1676,3551
35,2,526,9771
40,5,2999,17366
6,1,1087,15012
19,5,440,4687
16,3,861,19862
10,3,2176,16709
24,4,2341,11277
24,5,772,6012
35,4,1601,3624
27,3,1010,10423
1,5,2278,16906
30,3,2736,14744
4,3,2002,5062
25,2,1911,3557
30,1,2020,1624
12,2,2317,15574
34,4,111,8198
23,3,403,6772
7,4,2217,7867
19,2,131,14209
16,1,672,14669
24,4,1709,2607
18,4,1582,4811
7,4,1441,5655
31,3,1131,8499
5,4,1573,4027
24,5,2526,16457
11,2,1494,12670
24,1,517,13346
10,1,2590,8463
13,5,432,5046
1,1,381,11744
32,5,2545,6615
21,2,1712,13314
2,3,1939,15529
2,5,2211,537
27,2,2292,11675
24,1,859,3187
24,5,2638,237
16,1,546,5610
9,4,2896,997
26,5,1544,16162
23,4,1855,5827
4,3,2305,631
22,1,2341,7976
18,3,1862,1209
9,1,2512,394
29,2,1918,9274
24,5,1455,14650
7,4,1884,805
19,2,915,2708
21,1,2355,2340
14,5,1931,19317
39,3,2307,8102
16,1,2719,5894
15,5,681,17179
37,3,525,5736
34,1,1626,17290
6,5,2742,15838
5,5,1415,4925
20,3,2374,227
37,5,518,17923
11,3,570,18110
36,1,2676,18506
7,4,2008,5742
32,1,2427,17106
32,2,382,12983
30,5,2333,19196
39,5,2531,1853
39,2,2873,7215
35,3,1363,15237
39,2,1962,5916
24,2,1401,9559
36,1,344,12459
2,2,2644,10789
26,3,2507,3772
40,4,2232,14339
9,3,179,5679
26,2,1781,19929
12,5,366,1742
39,2,384,13944
40,4,926,15968
21,2,552,5088
1,4,2897,2170
10,4,1117,1100
25,2,175,16769
10,4,1036,15309
8,3,2780,9310
16,2,85,5170
19,1,584,6502
13,4,2669,282
1,1,1142,4714
11,5,835,5597
2,2,837,6099
12,3,2493,1867
34,5,1381,18158
29,4,1042,4856
3,3,1395,12976
18,5,1688,7694
1,1,2890,1098
12,5,1690,14271
19,1,1524,13486
31,4,2806,12923
27,2,1714,9924
37,4,1427,852
17,1,165,1427
21,5,2368,252
37,2,844,10076
15,3,2730,9478
18,3,1571,1769
27,1,379,13494
32,3,1870,9342
35,1,2471,4056
16,1,2862,7197
12,1,2232,1167
22,5,1985,8011
23,5,131,9718
24,3,2645,4891
6,1,2565,313
5,4,2188,17897
31,4,151,9120
20,4,1354,3275
5,5,588,12917
22,2,1813,17216
17,2,2773,18399
6,1,2089,10615
32,3,2955,1484
22,1,2889,15580
25,1,1154,7114
21,4,226,19333
27,2,2359,12659
8,4,2554,14044
30,1,2829,2659
10,5,2230,14698
12,1,2197,8259
31,3,794,12412
34,5,2217,12673
27,2,2474,15253
36,5,402,10771
34,1,264,2070
34,2,1946,1668
30,1,2957,13336
31,4,556,14441
34,5,128,11515
18,5,164,11358
29,5,364,17068
20,5,2392,16244
23,2,2893,1039
17,5,1504,19903
13,3,142,17473
12,2,844,14214
19,4,100,19351
9,4,2696,7167
8,2,1371,13919
29,1,2403,765
17,3,656,11835
17,5,1989,19227
22,1,1439,12839
40,4,1673,1342
9,5,2510,16880
19,1,1684,951
10,4,2588,6073
1,4,2875,8876
35,3,2187,2813
11,1,1295,5817
14,1,2487,12432
18,5,383,4039
38,3,1415,12902
13,4,2436,13819
1,1,2661,9892
9,2,1337,10590
7,5,575,14490
40,4,230,5330
17,3,2952,9363
18,1,1077,10652
16,1,1322,10382
39,3,2756,8172
32,2,1704,6147
39,2,125,11486
36,3,1456,4518
29,2,1024,17413
26,2,793,6086
19,1,1611,4057
23,2,459,11993
27,2,695,12381
34,4,1411,1526
29,4,2118,8942
23,4,1431,4551
8,2,908,15692
26,1,929,2485
13,3,2678,13699
39,2,40,13025
37,1,599,11072
5,2,1366,11366
14,5,1468,10341
24,4,2107,18860
32,5,2863,18952
40,4,1233,11456
22,3,545,386
2,4,2478,10514
25,1,2681,10232
25,4,217,14908
3,2,2818,7538
7,4,539,11706
23,4,1797,3975
13,4,1894,18246
21,4,1298,393
22,3,152,18527
5,5,1047,12494
29,1,1291,4345
3,3,2865,7074
22,2,2772,13568
25,2,1102,17528
31,4,580,10168
25,5,2176,16908
4,1,152,14620
11,1,359,1766
28,4,1945,13087
24,5,2966,8562
18,1,1359,8563
18,4,934,13111
31,2,2514,5489
37,1,1981,19513
3,3,1557,8206
13,5,2777,18972
5,5,2578,169
39,5,1541,12165
3,1,654,1852
9,2,357,8042
29,2,2016,11374
31,4,238,12560
3,4,481,13971
24,4,1978,18192
36,3,702,2404
5,1,2004,8505
8,3,2950,9864
32,3,689,8248
16,5,875,9060
5,3,1858,13796
10,3,862,19241
32,1,1656,16881
14,5,1042,16999
26,4,1836,17391
18,3,1939,15638
3,2,1469,6792
31,1,40,16564
22,3,274,19938
26,5,103,7818
5,1,1275,4029
17,5,2419,7928
31,1,2174,9681
31,2,1818,16606
39,2,799,8219
19,5,1825,9218
15,5,2803,19028
12,4,1380,16306
14,4,2121,648
31,4,2858,19131
22,4,2524,19280
19,3,2675,10993
24,1,2557,8860
14,4,818,8549
23,5,2532,3534
14,1,499,18218
22,1,2283,2072
16,4,1741,13253
9,1,365,8554
5,2,1054,12854
3,1,1051,18081
8,2,1467,7174
22,5,2362,7323
26,1,1910,1995
8,3,370,4902
6,1,1048,4374
7,2,62,19790
5,1,437,13830
14,3,1282,7676
25,3,212,6148
9,4,1096,14660
37,2,1505,13453
22,4,518,14946
19,4,1227,6760
35,1,1601,9640
16,2,1523,7545
31,2,92,2340
11,2,2073,2770
16,5,195,16217
10,5,1806,2488
17,4,2204,2715
15,3,422,19137
24,4,545,7206
27,4,996,6980
14,3,1984,19374
36,1,766,6324
8,3,300,19575
38,1,514,4240
24,1,2305,19402
38,5,2042,8970
31,1,1512,1263
38,3,793,619
34,1,120,15349
5,5,2484,13399
40,3,517,18792
2,5,2949,4554
28,3,58,3605
39,1,46,18575
3,1,1109,16105
20,2,1009,11775
5,5,758,5653
23,2,122,2264
26,3,2332,3348
2,2,1213,8534
16,2,1041,4160
21,5,2488,8477
35,5,1542,13249
1,2,196,2241
29,4,2643,16695
7,4,2527,10354
38,1,2674,8805
26,3,1788,16421
1,2,1116,9890
21,3,2506,6560
9,2,2355,12246
25,3,476,9641
30,5,582,16915
36,3,2966,7756
32,5,98,10294
24,3,888,18047
38,2,992,10508
31,1,2299,5869
27,4,2761,9093
14,4,1605,4590
16,1,1598,16808
3,3,1019,8371
29,5,563,3014
11,4,1482,7700
20,4,1239,14965
20,1,2089,1452
2,3,2776,11678
2,2,434,4337
38,5,904,1922
34,3,1568,1319
29,3,398,1371
4,1,232,3241
1,3,241,12474
23,4,1425,9233
11,2,902,13220
25,2,2676,5400
6,5,2298,1548
21,2,2839,14284
15,1,2034,14955
7,1,2460,6862
20,5,2692,9547
29,4,2956,18560
16,3,1206,16365
8,5,1625,18722
19,2,1877,15586
15,3,879,9872
36,2,487,17779
30,1,987,1603
31,4,2914,15588
11,2,1593,11046
28,1,2677,4651
33,3,1145,17929
14,2,2270,9329
24,4,2002,10807
10,5,392,4920
28,2,1033,8878
28,2,1690,19508
36,4,2802,5183
28,5,107,12318
32,3,2727,3039
28,1,2425,6078
9,1,815,2131
15,5,1119,62
27,3,1098,15239
22,5,197,9521
27,3,2247,4357
21,2,1902,221
3,4,2837,13025
10,2,2540,9832
40,1,152,15036
23,5,1003,14787
17,4,1700,6905
29,1,667,14
23,5,578,7067
33,1,2678,6093
2,1,2029,11079
18,3,2782,15545
26,5,462,17366
6,5,2677,1875
32,5,211,2231
22,5,1284,12565
1,5,969,1211
28,2,2138,14876
5,4,256,13403
36,1,1810,12314
27,3,417,13068
12,1,2149,6439
4,2,1899,7389
4,3,92,19879
11,2,2050,11668
1,1,2122,7006
1,3,2982,14155
4,4,296,19745
14,3,2878,12669
13,1,2299,2333
9,2,597,1238
37,5,1085,18512
39,4,1511,19569
21,5,2377,3905
4,3,2999,2143
37,2,1319,9768
39,1,1124,13109
4,1,2554,15232
24,4,163,5253
29,3,2002,37
25,2,1413,546
24,1,2471,19676
18,5,2553,10144
33,1,1528,17065
20,1,1369,10264
25,4,689,5989
5,4,2707,6625
17,1,769,6315
26,3,944,17747
7,5,1215,17333
22,5,2663,340
19,1,1269,16692
37,5,1985,1947
35,2,1032,11885
38,5,265,15049
10,4,1916,12020
39,4,1924,9149
19,3,1148,15625
31,4,1344,12383
18,2,1202,3559
15,4,547,3179
9,1,472,10591
16,1,191,233
29,3,2230,16182
14,1,1830,15735
31,2,620,16657
15,2,74,1024
6,2,957,7890
14,4,1785,17405
37,3,1728,14867
11,5,1351,6819
25,4,1770,16480
8,2,620,6357
33,3,2171,1487
15,1,2547,13200
23,3,2019,15417
27,1,685,3869
26,2,628,8409
30,4,2888,19495
29,1,444,15295
5,3,1903,2635
20,5,2350,3632
6,1,2561,9280
14,3,2758,19452
5,1,1190,14533
21,2,2072,11279
12,2,1903,12957
24,5,2279,11324
8,3,2799,7417
26,2,1271,1534
32,5,670,19168
31,1,456,17534
31,2,1264,613
22,1,2651,14335
3,4,1282,854
7,3,1291,3290
21,3,388,16129
36,2,577,13802
8,2,79,1262
29,5,414,11278
20,3,1576,6521
33,3,637,6308
37,4,1323,4401
12,2,1239,6110
19,1,990,1755
8,2,797,3231
16,4,964,617
2,5,2087,5625
39,3,1382,7813
11,1,2397,15607
5,4,1788,2922
13,1,967,15101
40,1,1667,18536
35,1,2103,3982
32,4,836,15017
19,1,825,3558
17,3,2521,12437
31,3,2613,8409
30,1,276,1833
26,1,2307,18468
18,3,1156,18008
17,4,1062,9180
6,4,816,15176
30,1,2284,2968
34,5,739,6169
5,2,2237,18360
34,3,180,17970
22,1,264,7129
38,3,2978,3511
29,2,1247,7515
1,1,2042,15510
31,3,1845,13624
13,5,2924,1897
5,5,2889,16854
10,1,2067,750
12,4,2831,16296
20,4,2968,3151
37,1,1363,2494
6,3,2471,11685
33,2,2566,8587
36,5,2644,10713
14,2,752,8588
23,5,1899,13873
7,4,1335,6956
7,4,1118,19974
2,2,2431,7114
32,5,72,1553
20,4,616,16116
9,4,891,4292
22,5,1328,12749
7,4,164,15857
9,4,183,18123
15,2,747,14982
40,4,1794,4720
39,4,2540,3037
16,4,2954,3187
27,5,536,10598
38,4,550,11175
3,5,2440,2107
34,3,2755,11493
39,3,1474,18857
13,2,2561,3260
30,4,1305,394
9,1,2448,10520
32,1,100,5065
8,4,1435,7333
8,1,530,7669
38,2,1999,14634
24,3,2316,14966
31,4,903,11489
40,5,1305,15229
33,5,1897,9929
17,3,1663,19408
12,3,1814,17652
35,2,161,2856
35,1,2849,12348
17,4,648,18327
9,1,942,10827
23,5,1073,17138
38,1,2763,10858
26,5,2410,3664
27,4,1739,19432
29,4,1162,12377
1,3,493,15343
21,2,1304,1919
12,4,2119,13007
19,5,2740,18560
19,3,961,17709
13,3,2749,4365
22,5,1972,7920
24,5,2596,6357
31,5,1208,13656
25,4,76,7485
11,4,1765,18681
30,1,2627,5502
35,5,1302,8958
21,1,1744,6336
2,3,2450,9368
17,3,220,18155
10,3,1139,6543
28,4,490,10950
38,5,261,6321
18,3,2787,16104
14,2,1224,12494
8,2,1170,14807
28,1,1871,16949
17,1,42,5208
13,2,2253,12267
6,1,2200,6446
30,3,318,820
37,4,2748,16588
3,3,2106,1174
37,4,1117,17937
37,5,1216,14556
20,1,856,3932
28,1,1314,18092
30,3,1378,19133
24,3,1556,5848
11,3,822,3886
4,4,1280,9659
37,2,2952,12041
30,4,2950,3576
23,1,1774,15923
18,3,2586,17237
30,2,1759,14070
34,5,496,7836
11,2,1006,12614
2,3,1809,18291
16,2,818,5942
11,2,1058,8580
27,1,766,8649
12,1,2093,10187
37,1,114,777
25,5,1591,3178
28,5,247,1890
22,4,1001,19237
11,1,1516,14608
1,1,1211,4837
27,1,93,2439
20,5,2677,11058
15,1,1422,9036
10,2,2621,8123
37,5,2104,1535
13,2,577,209
15,5,2833,3508
2,1,2030,11909
24,4,1736,6518
3,3,1565,726
21,2,1156,793
3,2,316,9518
15,4,215,5758
18,2,148,2545
37,1,1153,2044
30,2,1839,8869
19,1,252,8600
10,1,325,13395
15,3,1148,11766
9,1,2052,2756
9,5,2059,19284
22,2,1214,11340
33,2,2299,8603
9,5,1925,6582
36,3,59,13374
3,1,2722,18597
23,2,1089,8208
1,3,357,4519
10,4,1517,167
23,5,2492,8183
11,5,2896,10955
25,5,1499,4728
30,2,1870,12605
11,5,64,18407
25,4,996,1190
25,3,2526,7534
26,2,892,3864
40,4,1134,1646
1,4,335,14275
17,4,994,4989
36,2,471,11624
1,3,1595,18313
3,3,2308,290
3,2,1307,11588
14,5,575,2603
30,5,1405,1037
25,3,1169,17900
8,4,2363,13853
9,3,123,11069
12,3,2320,6112
26,3,2427,186
26,3,692,17621
30,2,903,1307
21,5,534,16410
19,4,669,16095
14,4,2959,5169
4,2,676,12786
27,2,1588,13256
12,5,1597,14625
38,2,2260,12099
33,2,141,17212
20,5,1277,618
21,3,399,678
33,3,797,10287
20,5,2994,5784
38,2,1767,14138
40,4,2064,16120
3,1,1523,1512
24,1,746,12722
22,3,2096,7120
13,3,452,14460
24,2,1633,13625
13,3,85,6583
40,3,2552,15291
32,1,2721,4214
15,3,440,12516
4,3,2225,7840
22,4,2964,10456
33,2,790,12687
14,2,1997,17892
21,5,1104,12536
5,4,1752,14620
16,5,2142,17808
28,2,1884,12113
20,1,2460,19466
36,4,2695,1934
1,4,934,8612
24,1,2061,18509
15,2,2626,9614
33,4,2332,14899
14,3,407,14844
24,3,396,18339
18,1,1895,17542
33,4,2754,9906
19,4,1791,9315
38,4,1632,14317
19,1,1970,7169
33,2,1018,9557
22,3,1420,16830
19,2,1514,9778
3,4,1272,3382
18,4,204,1315
12,3,985,4408
3,3,626,9306
17,4,843,19045
8,5,997,5422
16,1,2817,13575
38,4,2890,19558
36,3,1330,5224
10,1,2387,19447
8,2,948,5756
20,5,2969,3925
30,3,2540,1601
13,5,1925,13386
17,3,2274,8398
38,2,1907,17764
7,1,2619,8757
19,5,2314,10473
27,4,821,4225
20,2,2332,2895
38,1,1287,9447
13,4,2602,3556
14,3,212,11902
30,4,2279,7804
25,3,526,141
29,1,1458,19000
9,4,995,18153
25,2,1666,3822
16,1,1016,8892
9,5,2790,279
29,2,1285,17162
3,1,1499,5698
37,5,487,14845
21,3,1994,4388
1,2,1000,4349
31,4,912,1836
2,3,2202,12407
19,1,1940,11680
29,1,72,1880
29,2,496,17587
7,5,2826,17600
38,5,1750,4660
20,1,418,561
36,4,48,16997
38,5,2922,3355
19,4,2764,536
36,5,2234,3931
2,3,1179,11643
27,4,1588,10864
30,1,2284,14173
3,4,545,2954
6,2,2203,16475
16,2,2496,8183
21,4,2081,16210
36,2,1766,11635
39,4,2625,12139
24,4,2695,16983
31,5,2495,19931
38,5,554,3416
17,3,2442,7570
17,3,2196,17704
17,5,2808,1820
1,3,1734,5870
17,5,2102,3727
3,5,2474,5249
13,5,2517,8152
39,3,1184,3452
18,3,2801,13258
7,4,167,11875
6,1,218,269
9,5,2718,13691
1,4,2045,13245
6,4,2202,554
5,5,2092,15298
31,4,1842,610
31,5,2429,13918
14,2,1337,2583
17,5,164,17791
14,5,1422,19354
40,1,1162,18330
1,4,978,10030
32,2,106,12452
13,4,2013,1066
30,4,2623,11292
1,3,2648,10376
3,1,1767,6579
22,3,659,2076
14,5,1149,4540
40,3,2066,10745
16,5,367,1018
36,5,2639,4046
36,5,2189,14403
21,1,1225,5701
1,1,2283,1684
17,3,1332,780
27,3,1036,7944
6,5,1282,15750
6,3,301,17172
26,1,973,9704
20,3,602,19263
17,3,1574,9409
12,4,1744,14199
18,4,1436,12714
28,2,1746,6112
32,2,1798,15660
39,1,2354,19311
32,3,2122,10121
6,2,885,16953
6,3,585,13787
2,4,317,19785
18,3,2534,18149
12,2,1173,16209
12,2,1646,13713
31,3,1379,17580
20,1,2288,19363
4,1,800,18111
34,2,629,18207
13,4,859,15665
2,1,2099,1448
1,2,1501,19957
12,2,858,18078
14,2,1807,15121
13,2,1005,262
35,4,2784,18531
23,2,1208,13158
21,3,2993,14776
37,1,1892,8466
22,2,183,17861
4,4,1939,3407
12,2,183,2600
35,4,199,1844
36,4,2774,17775
21,5,621,16563
13,4,2641,8428
5,1,2895,4379
11,4,1010,7700
21,3,1803,11493
38,4,1046,6866
16,2,486,841
35,5,515,16784
40,4,949,14850
22,1,2435,6061
24,3,387,18773
24,2,2861,56
12,1,904,4171
5,4,1920,18546
18,1,1448,15266
10,2,1625,2539
6,1,2053,19791
35,4,767,17264
34,5,2218,5839
14,1,817,4154
20,4,2091,17661
19,4,2499,7186
8,4,1345,4712
15,1,1057,14505
17,1,2636,3327
12,4,2192,7514
17,4,1152,14080
31,1,435,19488
33,1,1443,1569
40,4,2089,4525
21,3,959,495
17,4,719,11109
12,1,1100,17242
32,3,2160,12300
37,1,206,16955
2,4,435,10570
5,1,522,1990
4,3,183,19550
35,3,2208,1244
38,1,2125,6782
19,3,2619,8595
5,5,797,9262
33,3,532,16955
30,1,1123,18098
3,3,540,2748
20,4,2273,4120
24,2,1206,11872
13,1,903,385
16,5,421,15183
35,1,610,2061
9,3,2168,8380
10,4,1784,3760
31,5,875,10824
20,3,1869,15384
35,5,1610,3544
21,5,832,468
30,4,2736,17492
9,2,2132,7083
25,3,1242,16089
1,5,2018,9111
15,4,620,12200
25,2,571,9327
10,4,1171,5938
4,4,2615,4543
32,3,2367,14856
4,2,2567,4936
14,1,386,13061
9,4,1495,17187
22,3,173,4248
29,1,509,7287
12,4,487,4359
7,5,1418,9523
31,5,1844,19132
11,2,2846,11660
6,3,929,4906
25,5,2944,19031
34,5,371,1986
35,3,2837,8021
33,1,319,14326
23,3,753,13919
27,2,2489,4780
31,5,1250,18624
2,4,93,18819
35,2,2566,17209
37,1,1335,14299
26,2,649,2370
6,2,1515,11503
9,2,937,2104
34,2,2784,12596
8,5,381,6295
6,3,1711,10586
9,2,447,19613
32,2,2401,958
38,3,2509,8984
28,5,1498,16055
8,1,299,4218
12,3,2793,8770
40,5,2121,17365
33,5,1312,7858
3,4,147,5827
7,2,1458,8004
35,2,693,5177
28,2,1936,10811
11,1,2588,3125
4,2,2722,9095
8,4,2533,6555
36,5,499,8323
37,4,1867,19259
1,1,2717,10251
34,2,1884,2336
29,4,1698,18167
34,1,2248,11209
3,3,2807,1589
8,1,971,6725
1,1,1038,9738
4,4,679,5336
7,2,1288,18152
1,2,2299,14370
22,5,2396,18789
1,3,2661,18078
23,5,1501,12219
37,2,2706,9158
25,4,951,11438
8,5,1651,5541
16,5,86,10464
37,1,2350,1009
38,4,1719,2488
9,3,1406,4087
6,5,1079,19564
36,4,1500,17007
20,3,1849,15260
23,1,145,3540
29,2,1909,4340
22,2,793,15431
36,1,239,3026
22,5,1992,15765
27,4,1272,3106
18,4,2617,3343
9,1,396,5526
39,2,2668,9240
38,5,73,15445
36,5,361,13775
30,2,1052,5212
20,3,2656,17643
20,4,48,12980
9,5,229,5945
28,1,1277,5490
6,3,710,13072
38,3,1740,18148
31,4,2576,14995
29,5,2911,5645
2,4,2879,1546
9,1,82,3921
1,2,506,3806
6,4,2325,19392
14,3,1414,10316
37,5,2357,6457
10,2,588,8895
12,3,305,5189
7,4,1025,18218
8,4,2638,19260
3,4,248,12530
8,3,2043,14835
29,3,2458,16950
31,5,2530,5211
36,1,2398,6659
36,2,2445,11180
33,4,2206,7239
32,2,2723,13680
9,5,627,14931
36,5,2242,1191
28,4,2794,18658
23,3,2881,8602
9,3,1846,10608
36,1,1188,19953
12,5,2063,2766
20,5,161,16251
19,1,1422,552
29,5,1142,8095
8,5,1670,17885
19,4,45,7629
35,3,1126,5655
12,2,2253,12208
12,4,1980,18248
23,5,2997,10083
23,1,512,18963
17,1,876,5227
4,3,698,6975
12,4,2627,12043
28,5,1894,7841
22,4,1471,17757
21,4,414,17261
39,3,1826,15005
1,2,844,1843
28,1,1109,16643
11,2,897,4434
36,2,424,837
20,4,1536,18947
27,1,1987,19254
4,2,1748,6963
27,5,2636,9246
37,2,1233,10254
13,1,1922,9860
30,2,1092,15626
20,1,2664,15758
36,4,1089,6555
17,5,2497,11717
17,3,61,14874
33,2,2635,10688
6,2,2286,18040
31,5,811,18513
36,4,567,2818
32,4,834,15441
30,3,1901,8447
5,3,350,761
21,1,1049,4398
25,5,2337,18831
31,1,1241,2556
37,2,523,10820
18,2,74,16179
21,3,589,14171
34,5,1026,9127
28,1,689,5298
25,1,646,10517
28,1,1016,2986
4,5,1153,12674
11,1,442,6290
40,4,2454,12981
29,3,2272,15296
36,3,1175,6312
38,2,165,7842
17,2,723,17302
22,1,2803,10924
2,1,741,7080
18,5,1184,19450
22,5,2494,12115
32,2,1973,742
9,2,1269,6016
26,1,330,18375
39,2,2327,7808
10,5,784,11699
38,1,2456,6892
24,2,702,13205
3,4,462,19433
31,2,1629,19771
5,1,2435,19100
14,4,2763,1929
4,2,2416,9146
34,3,410,10910
10,3,770,7660
13,3,264,2711
2,4,341,16408
35,2,1940,9843
35,2,470,5497
36,4,1249,4052
1,5,735,87
29,1,219,3001
5,1,1773,13438
40,5,1738,326
25,1,2976,1418
7,3,2082,4415
1,1,1392,4830
37,2,429,12191
5,5,82,19981
26,4,947,6826
9,5,758,7827
35,3,2988,15264
19,5,1764,9029
4,1,1547,8719
26,3,1804,16600
14,4,2103,1341
26,4,2220,6546
15,5,2558,1605
39,1,651,14566
4,4,1751,260
21,2,2887,5121
30,1,118,4038
18,5,2396,8806
28,2,844,18499
40,2,1793,15019
16,4,416,6167
20,1,1702,18306
24,3,2766,16902
25,4,2614,4867
20,1,121,7838
20,1,2324,12685
39,2,2402,19377
3,4,2440,16699
6,5,744,1630
39,5,888,14665
23,5,2358,15610
9,4,373,18178
36,5,810,267
15,5,238,17059
31,5,1812,4238
11,4,1590,17186
14,1,1153,15374
9,2,2453,5540
33,1,1282,12591
12,1,2258,1300
40,1,139,11191
24,5,577,1759
39,4,1384,4078
25,5,352,9108
34,5,301,9788
28,2,1794,8368
26,5,717,3694
17,4,2211,19554
8,3,529,4287
7,4,2778,3851
36,3,2769,5751
10,1,2650,18250
14,5,1642,15958
8,2,2904,16745
18,3,441,5622
15,1,2856,837
7,1,2037,12139
12,1,2390,19331
6,4,2176,1552
23,5,1168,274
1,2,122,17193
10,1,2503,5394
26,2,937,647
13,3,1777,18735
38,2,1972,18840
25,2,1901,14894
34,1,692,270
7,2,1970,6056
32,1,75,8976
17,5,2324,3262
8,1,372,4741
16,3,2361,12025
13,4,1328,10546
12,4,214,9267
8,2,112,5710
5,4,898,6073
1,2,1887,18822
40,2,860,18428
36,4,2941,10751
37,1,98,13585
29,5,1979,3968
7,5,452,13332
16,5,444,9553
2,2,1832,11669
17,5,1061,4541
21,5,268,12644
36,4,2443,18187
38,4,2918,14634
37,1,1119,11639
27,4,188,1908
33,4,334,19998
20,5,1247,16225
12,5,2888,4558
10,5,1263,13234
26,2,2394,15117
26,5,1816,5904
8,1,2345,17155
39,5,434,17058
19,5,2110,10914
16,4,1886,11390
37,5,621,19285
17,1,1535,4472
39,1,2701,1408
3,2,990,6605
21,3,535,8333
28,3,2447,12126
14,3,1321,13637
23,2,1245,12877
16,4,2540,15258
26,1,696,15796
12,5,268,16862
11,5,1630,19854
33,5,1657,15453
7,1,516,13125
37,1,414,17036
40,3,2384,17034
26,5,2620,12443
22,2,2572,353
38,4,616,15141
7,1,2687,8334
4,1,1121,9802
37,5,1922,14790
2,3,1441,7403
30,2,2209,395
26,3,173,4350
28,2,722,11263
20,2,1209,2479
2,1,2078,899
24,4,1535,4961
39,4,443,12998
27,5,1574,5903
6,1,1319,11623
35,1,2927,13177
38,3,1648,15063
31,1,2755,4447
26,1,1067,19650
4,5,1264,7203
39,1,2214,4320
28,5,2153,16230
30,3,1602,652
17,1,325,662
22,3,1952,906
25,2,370,14176
28,3,1080,13882
40,5,2785,5403
6,3,1509,19856
18,3,2573,19618
17,2,483,13630
32,5,2420,2833
10,3,1229,10472
6,3,1695,16061
12,5,127,17789
10,5,1730,539
12,2,102,17153
16,4,1292,2560
14,3,71,14110
14,4,942,19882
2,3,1745,5505
27,1,2025,19178
25,4,730,10443
10,5,2741,10331
38,1,2055,18535
13,3,833,2291
7,5,1768,7291
9,5,2515,3942
34,3,2766,13144
29,2,2190,12667
3,3,255,19446
37,1,293,17746
27,3,1843,8688
34,1,1539,7375
37,4,1297,8457
37,5,2248,2264
35,1,1915,17316
31,2,1775,1582
38,1,734,9831
8,3,1382,19073
14,4,153,672
26,5,1558,3332
5,2,1314,18815
28,4,1461,1456
11,2,1712,13752
19,4,1900,13370
6,2,2853,14935
8,1,1186,19569
20,4,1462,15671
21,2,2694,19776
11,5,332,15361
26,4,1851,11459
5,5,215,5170
35,2,1214,6659
12,3,2884,4157
13,1,642,10357
5,3,2276,10684
20,3,1796,6848
36,2,1830,8763
33,1,2439,6632
31,3,1006,6171
4,5,646,1824
13,4,442,12592
29,1,615,11408
2,2,582,19818
36,1,1999,15188
17,5,151,377
18,3,1800,11082
28,1,1502,14416
34,4,2152,1543
38,4,1681,11662
39,4,1914,2821
12,3,601,1021
31,3,71,506
12,1,586,2052
18,5,1067,9577
3,4,2028,7378
33,5,1105,5193
26,4,1093,14665
37,1,1455,4305
27,1,2196,18200
38,4,2063,18142
34,3,524,6963
8,3,2763,17333
25,3,2537,8428
24,2,1816,381
25,5,2335,14350
38,1,2062,5076
9,3,2111,13605
37,5,1543,3491
2,5,597,6748
24,2,789,2752
14,2,2553,1163
30,3,368,12543
28,5,2830,1976
26,1,90,6582
38,1,2083,2846
18,3,1500,16229
37,4,1695,14278
4,1,2430,19828
34,5,990,15618
2,3,304,17553
35,4,1345,11924
35,4,1493,12276
24,3,2268,957
2,5,492,713
10,3,164,6428
12,5,199,15674
16,5,2971,13438
24,2,271,13756
31,3,935,5355
14,5,1104,5876
9,2,2986,2623
29,5,820,2920
16,2,1010,13745
30,2,285,8939
30,1,2365,1081
34,1,1937,2088
7,2,1738,18823
2,4,1324,1921
27,2,2237,215
4,4,1682,11073
26,4,2592,14360
9,3,267,19804
3,1,191,1542
11,3,2192,551
14,4,938,12466
12,3,2141,16589
3,3,1435,3617
29,3,2869,4687
19,3,2762,350
30,4,1504,4648
1,5,1425,11015
27,5,389,15556
6,5,89,5841
29,1,700,663
32,4,1878,15927
15,1,1320,12697
39,4,701,4968
31,4,2881,5712
13,4,1387,10256
22,4,676,4879
39,5,165,5796
32,2,616,3550
9,5,2991,14577
38,5,1165,13984
7,1,2013,14071
2,4,1689,4906
15,2,1890,12975
9,5,1186,11719
6,2,2854,13341
11,4,489,10792
20,3,876,1491
22,2,1572,11981
35,1,1643,815
4,4,125,9964
40,3,2529,19820
37,1,1409,17844
31,4,2343,1138
20,4,727,16237
29,2,256,12678
8,1,724,10924
31,4,1366,14755
17,1,957,10956
16,4,2506,10410
1,2,2250,18876
22,3,621,9570
33,2,1632,1125
23,5,2242,8335
34,2,1003,4338
29,1,1322,16883
6,1,1900,9956
11,4,2891,9444
12,5,2689,19594
18,2,1865,4001
38,3,1028,5257
34,3,560,18149
1,1,1466,10566
7,4,2926,7680
31,1,2866,14555
24,1,1131,3383
35,4,384,18220
33,3,1455,19534
32,1,818,4640
11,4,2209,7607
37,5,1455,7134
11,2,822,13384
31,1,1572,859
17,3,1301,3690
18,4,2705,6264
33,1,2634,1237
28,4,2890,1514
1,3,2863,13248
2,5,2696,1990
28,1,2247,11806
22,2,2612,1632
35,5,283,13306
19,3,1691,18100
15,4,658,5042
34,2,1448,11342
25,4,1186,12896
32,2,1265,19677
25,1,1129,2465
6,4,1265,5703
36,1,2919,8005
37,4,664,18718
40,5,2333,3205
40,2,799,15032
11,5,1448,9188
30,2,2356,6190
26,2,2798,12465
37,1,1057,17250
14,3,2180,18243
2,5,2096,9407
3,5,1788,4784
31,4,2093,10305
33,1,1558,9760
12,4,86,17175
27,2,2657,567
5,1,657,13594
15,1,2416,8559
20,1,2444,18224
15,5,2446,12631
19,3,2436,18503
31,1,349,1826
37,3,1343,19450
31,4,2649,9062
14,4,1779,3028
40,3,1773,10871
10,4,403,196
25,3,2458,9882
34,2,1056,3870
29,3,2549,15817
32,5,244,1934
7,5,2073,4785
25,3,1686,522
20,3,1093,18826
32,1,588,18597
19,4,1210,18994
3,4,719,2025
1,1,291,19423
35,1,208,19474
9,2,1229,14000
16,2,1298,16292
31,5,103,14588
1,2,360,16331
40,5,2566,17697
17,5,245,8765
28,2,735,2166
27,3,2719,17960
11,1,1040,5950
30,2,2843,4200
6,5,2375,18849
11,5,574,10843
7,4,2362,18428
14,4,939,19214
29,3,64,5295
23,5,329,5754
35,5,1426,14565
32,3,2748,5076
21,2,438,15548
18,1,2222,18416
3,4,1074,1437
4,2,586,13956
35,1,1374,6376
16,4,632,6492
16,5,319,3566
9,2,1144,15519
2,4,2105,2823
3,5,1580,13085
1,3,1935,6123
33,1,1938,3994
13,3,800,13709
28,2,1223,18259
37,1,2205,1350
20,3,2709,9064
28,2,2383,5839
1,2,838,4468
37,3,1212,5659
30,5,2957,7772
24,3,1960,6557
19,4,2104,2637
9,1,1676,1582
22,4,142,18644
9,5,219,16057
15,5,2990,19888
24,4,2377,8243
38,4,2793,7980
10,3,526,7134
15,5,173,18289
1,1,383,4536
10,4,1978,19034
36,2,2729,13181
7,2,2605,15460
32,1,2265,16607
35,4,1428,12866
23,4,2510,16906
39,5,273,5269
1,3,1981,13146
27,3,251,10267
34,4,2554,4916
1,5,576,13729
5,4,438,10788
30,3,1511,19800
13,2,2817,10020
23,3,1273,17881
12,4,2958,18801
22,4,1783,18017
38,5,2296,6574
27,5,213,9306
36,3,1081,15408
31,3,1182,12452
13,5,619,10315
26,1,2767,1599
22,2,509,13474
12,2,1592,3748
35,1,1648,14619
14,4,2998,12357
9,2,614,7627
6,1,900,372
22,4,2476,10054
40,5,2130,101
25,1,1086,19922
4,2,1903,1445
29,4,675,8391
31,1,945,3963
13,5,713,14809
4,3,1461,10551
22,2,2574,7305
26,4,2716,12208
21,5,424,1607
36,5,2485,10496
5,5,879,14704
11,4,497,292
28,1,636,12885
19,4,2002,15520
32,1,1669,15834
8,3,2254,10640
22,4,1609,5983
34,5,911,4650
28,4,1015,2795
34,5,1666,2660
13,5,2392,11027
25,3,749,19374
34,2,2251,3113
17,5,1372,13240
9,2,919,16332
17,4,2675,3413
15,1,241,9882
17,3,380,5197
19,4,2907,558
34,1,164,10385
5,5,2157,10937
29,3,426,7933
34,4,2786,17792
11,2,1206,18732
3,4,1095,4154
29,2,2899,9946
27,5,513,1686
16,1,272,4196
2,5,2828,5861
31,4,571,17615
30,2,2089,17758
8,2,728,12763
24,4,971,11592
35,4,2116,11646
1,2,717,4149
19,4,200,2139
40,3,1053,139
34,5,2700,19103
23,3,1891,14026
23,1,1513,827
11,2,2054,12706
12,5,2961,14427
38,2,334,2318
16,4,450,1851
5,5,1018,17412
4,2,79,15955
22,5,1970,6054
39,4,2280,9917
18,2,966,15889
8,2,2544,1710
2,2,2810,14192
4,3,2150,17223
24,4,2903,18163
18,2,2165,15157
30,1,1484,422
19,2,287,15370
14,4,2126,4541
22,1,2639,4345
17,3,916,10660
4,1,2947,15624
18,2,292,945
17,5,2115,17573
10,4,531,12214
6,2,990,16191
36,3,1352,8991
10,5,1699,15826
39,4,2301,5165
23,1,2315,10425
4,3,1592,12536
36,5,1772,11956
30,5,1851,19345
26,5,866,4705
35,2,2896,16142
23,2,2197,10443
3,1,2709,6574
11,3,2984,4655
20,1,1489,2773
32,5,2095,18427
5,3,2338,17789
22,1,1045,11202
13,4,877,13513
24,3,1459,14681
22,2,727,8215
29,3,439,18264
35,5,2748,8977
17,5,1734,131
31,2,808,15728
10,1,128,16142
20,5,1843,6572
3,3,2050,1294
1,2,2422,1932
40,5,1112,19978
22,4,489,6405
33,5,2701,7462
38,2,2910,4053
8,1,60,2295
15,4,1048,656
29,3,665,14664
15,5,2454,3746
6,1,2396,15177
28,4,278,8424
10,2,2704,777
3,5,1809,6671
9,2,239,9963
5,1,1176,2630
25,2,68,2892
18,1,969,6063
38,2,87,1774
38,5,1935,18509
24,1,2485,13461
17,1,1843,281
5,3,2518,8377
27,1,2162,14923
13,1,57,4744
12,3,1095,12208
38,2,655,1081
9,5,1223,6367
23,3,723,18572
13,4,2011,8991
35,4,2284,3758
23,1,1935,18838
3,5,2758,4627
1,4,227,7972
37,5,2102,3984
31,2,1299,15140
37,5,1756,10105
35,1,2184,7839
27,2,1496,160
14,3,1984,13812
40,3,2634,2185
32,4,2113,19693
27,2,2537,5307
18,3,452,11826
1,3,1257,19305
15,4,207,7194
28,4,1152,15095
28,1,1304,5812
36,5,2413,13698
33,5,1986,7392
1,1,1263,19410
17,2,1412,2208
11,3,2875,9081
1,4,819,5794
40,4,566,9999
24,2,1350,9329
22,4,2169,18014
10,5,1667,12762
1,1,813,2515
5,1,2029,13806
23,4,1982,10346
29,3,2590,7643
40,4,260,11147
40,3,2310,10007
22,3,2410,19395
30,4,1738,14105
6,3,1462,13975
39,4,2992,18210
2,4,2444,9288
5,4,1858,2180
20,3,2236,5006
31,1,2481,8579
17,3,1363,15100
39,4,1519,4733
8,3,770,6299
9,5,2956,2154
14,3,2102,13231
12,4,2383,8946
13,1,2643,18225
8,5,1386,17526
37,2,1937,9639
6,2,64,14482
12,4,2682,9945
34,1,2806,12920
12,2,1726,2399
24,5,1441,3182
27,5,2135,14449
9,2,1903,6882
10,4,964,15394
18,3,2775,6070
18,4,545,8417
6,2,658,1914
20,5,2953,11046
37,5,918,11890
22,4,1899,14442
20,5,462,15238
10,5,103,12282
38,1,248,3298
37,1,410,10035
12,2,1645,486
1,4,297,5491
34,2,2550,19054
22,3,1350,14600
2,2,2707,1343
14,5,288,4072
9,1,64,19643
23,4,2363,8416
13,5,659,1055
8,3,1106,9992
19,2,2846,19096
4,2,2563,19392
12,4,1960,18279
6,2,526,703
32,5,2735,2792
24,1,2888,18620
12,1,261,15617
39,3,2337,2350
15,3,1714,11691
37,5,1393,3251
27,4,2900,4868
16,4,526,12140
30,4,414,13604
35,5,871,15630
22,4,570,12512
27,1,470,7835
3,3,48,2718
15,1,319,8808
16,3,2353,7678
14,4,1873,2548
20,4,1992,9815
29,3,1364,3651
20,4,2848,12553
26,2,2805,2134
2,3,1020,1863
12,1,983,5628
20,3,1916,9884
1,4,886,18598
1,3,2962,13064
34,2,553,4689
18,3,796,12416
34,2,713,14801
22,2,1059,7802
27,3,2710,1232
16,2,2544,12319
21,3,540,10769
39,2,663,10253
23,3,1738,13223
39,3,2619,13604
12,2,1334,17295
8,1,555,11701
5,2,827,11623
25,3,1448,11042
26,4,324,3521
12,5,2337,14336
25,1,2967,999
24,2,344,14876
6,2,1500,16826
35,1,2363,15448
4,1,2320,14988
8,3,2305,5031
35,4,123,15796
24,1,2631,11090
29,3,1236,11808
26,5,2789,10917
33,5,2261,3633
8,5,179,19057
22,3,1370,1551
9,4,2317,5041
21,4,639,17223
1,3,2925,8452
37,5,496,19739
1,5,949,1859
38,4,2997,16770
32,2,2083,4358
2,2,1791,18345
39,2,241,14822
13,2,1471,7671
31,1,2565,17158
25,3,661,5495
37,4,640,1358
36,2,1338,12810
36,5,1021,17047
18,5,2653,7899
34,3,2997,18759
28,2,1595,14529
13,4,2171,19770
8,1,2139,1199
15,1,474,17244
10,3,457,5263
15,1,1205,11829
35,5,2427,2081
30,3,2737,9565
16,3,2268,15228
16,1,2586,14844
28,5,1931,15708
26,5,131,19056
9,5,2282,15907
1,2,1010,7479
32,5,2473,4630
18,2,2591,3998
21,4,1513,4275
24,5,2358,17484
32,1,2400,10061
21,2,2242,859
20,1,1394,5534
18,3,1674,17584
12,2,2497,8167
17,2,1220,3655
15,3,2562,13153
38,5,771,1183
32,2,1887,10658
15,2,1357,17187
10,2,455,803
2,3,930,17363
34,4,1308,18005
4,4,1958,19317
40,2,1333,1885
39,1,1405,894
20,5,333,1215
23,2,539,6780
36,1,1586,18900
33,4,1576,1737
11,2,2447,16286
2,4,1181,11721
9,1,735,10969
38,1,2878,15355
25,5,1014,12923
39,5,2568,238
11,1,1082,6367
38,5,1801,806
17,2,284,10370
1,4,233,791
22,5,2082,9944
9,2,2499,16744
29,5,123,6737
23,4,2758,18752
18,2,2880,11651
28,5,2415,14249
20,2,395,2570
2,4,2179,16830
29,2,426,5502
6,3,628,6962
11,4,2997,8919
28,1,509,14621
17,3,1663,15239
3,3,1216,17593
9,4,2420,5238
21,4,1174,15238
35,2,757,8106
21,1,439,15401
33,5,1977,9178
1,5,1014,3246
3,3,1326,5575
38,5,420,4235
12,2,222,16965
39,4,422,10268
10,5,2488,6949
36,4,2656,19152
11,5,606,6454
31,1,1785,2889
25,4,276,15893
36,2,2971,10560
25,5,1452,15922
21,2,1351,11927
38,4,1353,6690
36,3,649,8947
19,3,186,520
7,5,2128,16025
28,5,2560,13947
11,1,1043,682
40,5,535,9184
36,5,2272,2009
34,5,1942,4376
17,1,1112,15577
24,1,999,10507
30,1,1205,8151
29,1,269,18070
10,1,1342,9100
33,2,2509,9423
29,5,2183,11003
31,3,1965,12633
21,3,1191,19377
3,4,1511,14607
13,2,1825,7920
16,5,2184,509
34,3,1524,18089
36,1,1931,13572
5,1,92,13535
2,3,2507,10349
1,5,203,13331
38,4,1903,15492
14,1,2824,10993
40,5,953,3294
29,5,93,3700
27,4,2820,11837
30,4,2774,19490
17,4,2534,11123
40,5,2702,7780
20,3,1702,18762
9,5,562,17358
40,2,622,17021
26,5,1583,11332
5,1,1230,12656
14,4,1005,18632
6,4,2066,9101
30,4,1431,1792
2,1,650,16366
4,1,2948,2462
18,5,228,7023
14,4,1444,10844
31,1,1940,18279
12,2,2129,10140
25,2,2814,8743
39,3,1319,3913
5,1,2413,64
14,3,977,13189
22,5,1908,14252
19,1,1811,7150
30,3,526,13286
29,2,518,6213
30,1,478,3008
29,3,2619,8075
36,2,2563,13084
16,2,1581,3091
37,1,1517,11085
32,4,1570,4448
35,3,193,15652
40,1,459,5990
24,2,2944,16682
2,3,1329,4385
1,2,1785,17973
30,3,1200,16181
26,5,1985,17041
18,1,459,17425
6,4,76,9452
39,4,2087,12634
27,2,1978,8199
22,4,202,7488
25,5,2565,12864
4,5,1740,15944
36,2,991,18002
36,2,152,12233
39,1,332,17902
7,5,1555,16489
18,2,1384,3435
34,3,1658,19707
7,4,1198,13465
24,4,1369,7618
19,2,119,19708
40,4,2726,18507
15,1,578,2446
35,5,1151,15473
17,3,2548,7586
10,5,1862,11544
10,1,1088,12384
27,4,389,15416
13,3,2908,19091
34,3,268,10334
14,3,746,12622
14,5,1435,8869
36,3,2650,15001
32,5,2385,6343
39,2,1997,13359
22,2,2150,10305
17,4,1725,6579
20,5,700,9699
12,4,2243,11890
37,4,2991,139
7,1,2688,13490
9,4,913,7282
21,2,2473,230
23,3,2491,6908
21,3,1689,5253
37,4,1793,2285
29,2,272,563
36,5,1718,7127
11,3,2015,16405
37,5,664,4334
29,4,728,12443
13,1,2671,14658
26,3,784,17153
18,5,2849,4183
23,3,671,4036
1,2,2796,1355
28,1,2759,1709
16,3,863,6924
28,5,2783,17686
34,1,2126,6434
12,3,2308,19405
40,1,443,572
25,2,1855,6582
3,4,393,395
1,4,2716,17397
9,1,2005,18393
18,4,2967,1516
5,1,1592,13709
38,2,1823,15710
24,3,1787,13372
11,4,2123,6015
23,4,53,4800
28,1,1893,10386
30,5,639,14988
40,1,2629,14877
21,3,299,6704
16,2,520,3781
5,5,576,19257
2,1,2356,16582
30,1,2677,11876
25,1,537,19918
27,1,68,7188
26,1,1201,11064
28,2,2871,3993
36,4,1420,3455
15,1,73,2218
37,3,1610,5238
3,5,1682,5978
6,3,542,3638
39,4,815,14583
8,4,1184,7929
29,3,2727,7520
25,5,1279,10688
23,1,2898,12414
19,2,2152,18004
25,1,1430,16097
25,1,2851,3434
11,3,1340,19703
11,4,700,7868
1,2,2568,10702
15,1,1168,19865

